              0        -10.00000000          0.00000000
              1         -9.98000000          0.00000000
              2         -9.96000000          0.00000000
              3         -9.94000000          0.00000000
              4         -9.92000000          0.00000000
              5         -9.90000000          0.00000000
              6         -9.88000000          0.00000000
              7         -9.86000000          0.00000000
              8         -9.84000000          0.00000000
              9         -9.82000000          0.00000000
             10         -9.80000000          0.00000000
             11         -9.78000000          0.00000000
             12         -9.76000000          0.00000000
             13         -9.74000000          0.00000000
             14         -9.72000000          0.00000000
             15         -9.70000000          0.00000000
             16         -9.68000000          0.00000000
             17         -9.66000000          0.00000000
             18         -9.64000000          0.00000000
             19         -9.62000000          0.00000000
             20         -9.60000000          0.00000000
             21         -9.58000000          0.00000000
             22         -9.56000000          0.00000000
             23         -9.54000000          0.00000000
             24         -9.52000000          0.00000000
             25         -9.50000000          0.00000000
             26         -9.48000000          0.00000000
             27         -9.46000000          0.00000000
             28         -9.44000000          0.00000000
             29         -9.42000000          0.00000000
             30         -9.40000000          0.00000000
             31         -9.38000000          0.00000000
             32         -9.36000000          0.00000000
             33         -9.34000000          0.00000000
             34         -9.32000000          0.00000000
             35         -9.30000000          0.00000000
             36         -9.28000000          0.00000000
             37         -9.26000000          0.00000000
             38         -9.24000000          0.00000000
             39         -9.22000000          0.00000000
             40         -9.20000000          0.00000000
             41         -9.18000000          0.00000000
             42         -9.16000000          0.00000000
             43         -9.14000000          0.00000000
             44         -9.12000000          0.00000000
             45         -9.10000000          0.00000000
             46         -9.08000000          0.00000000
             47         -9.06000000          0.00000000
             48         -9.04000000          0.00000000
             49         -9.02000000          0.00000000
             50         -9.00000000          0.00000000
             51         -8.98000000          0.00000000
             52         -8.96000000          0.00000000
             53         -8.94000000          0.00000000
             54         -8.92000000          0.00000000
             55         -8.90000000          0.00000000
             56         -8.88000000          0.00000000
             57         -8.86000000          0.00000000
             58         -8.84000000          0.00000000
             59         -8.82000000          0.00000000
             60         -8.80000000          0.00000000
             61         -8.78000000          0.00000000
             62         -8.76000000          0.00000000
             63         -8.74000000          0.00000000
             64         -8.72000000          0.00000000
             65         -8.70000000          0.00000000
             66         -8.68000000          0.00000000
             67         -8.66000000          0.00000000
             68         -8.64000000          0.00000000
             69         -8.62000000          0.00000000
             70         -8.60000000          0.00000000
             71         -8.58000000          0.00000000
             72         -8.56000000          0.00000000
             73         -8.54000000          0.00000000
             74         -8.52000000          0.00000000
             75         -8.50000000          0.00000000
             76         -8.48000000          0.00000000
             77         -8.46000000          0.00000000
             78         -8.44000000          0.00000000
             79         -8.42000000          0.00000000
             80         -8.40000000          0.00000000
             81         -8.38000000          0.00000000
             82         -8.36000000          0.00000000
             83         -8.34000000          0.00000000
             84         -8.32000000          0.00000000
             85         -8.30000000          0.00000000
             86         -8.28000000          0.00000000
             87         -8.26000000          0.00000000
             88         -8.24000000          0.00000000
             89         -8.22000000          0.00000000
             90         -8.20000000          0.00000000
             91         -8.18000000          0.00000000
             92         -8.16000000          0.00000000
             93         -8.14000000          0.00000000
             94         -8.12000000          0.00000000
             95         -8.10000000          0.00000000
             96         -8.08000000          0.00000000
             97         -8.06000000          0.00000000
             98         -8.04000000          0.00000000
             99         -8.02000000          0.00000000
            100         -8.00000000          0.00000000
            101         -7.98000000          0.00000000
            102         -7.96000000          0.00000000
            103         -7.94000000          0.00000000
            104         -7.92000000          0.00000000
            105         -7.90000000          0.00000001
            106         -7.88000000          0.00000001
            107         -7.86000000          0.00000001
            108         -7.84000000          0.00000001
            109         -7.82000000          0.00000001
            110         -7.80000000          0.00000001
            111         -7.78000000          0.00000001
            112         -7.76000000          0.00000001
            113         -7.74000000          0.00000001
            114         -7.72000000          0.00000002
            115         -7.70000000          0.00000002
            116         -7.68000000          0.00000002
            117         -7.66000000          0.00000002
            118         -7.64000000          0.00000002
            119         -7.62000000          0.00000003
            120         -7.60000000          0.00000003
            121         -7.58000000          0.00000003
            122         -7.56000000          0.00000004
            123         -7.54000000          0.00000004
            124         -7.52000000          0.00000005
            125         -7.50000000          0.00000005
            126         -7.48000000          0.00000006
            127         -7.46000000          0.00000007
            128         -7.44000000          0.00000007
            129         -7.42000000          0.00000008
            130         -7.40000000          0.00000009
            131         -7.38000000          0.00000010
            132         -7.36000000          0.00000012
            133         -7.34000000          0.00000013
            134         -7.32000000          0.00000014
            135         -7.30000000          0.00000016
            136         -7.28000000          0.00000018
            137         -7.26000000          0.00000020
            138         -7.24000000          0.00000022
            139         -7.22000000          0.00000024
            140         -7.20000000          0.00000027
            141         -7.18000000          0.00000030
            142         -7.16000000          0.00000033
            143         -7.14000000          0.00000037
            144         -7.12000000          0.00000041
            145         -7.10000000          0.00000045
            146         -7.08000000          0.00000050
            147         -7.06000000          0.00000055
            148         -7.04000000          0.00000061
            149         -7.02000000          0.00000067
            150         -7.00000000          0.00000074
            151         -6.98000000          0.00000082
            152         -6.96000000          0.00000091
            153         -6.94000000          0.00000100
            154         -6.92000000          0.00000111
            155         -6.90000000          0.00000122
            156         -6.88000000          0.00000134
            157         -6.86000000          0.00000148
            158         -6.84000000          0.00000163
            159         -6.82000000          0.00000180
            160         -6.80000000          0.00000198
            161         -6.78000000          0.00000218
            162         -6.76000000          0.00000240
            163         -6.74000000          0.00000264
            164         -6.72000000          0.00000290
            165         -6.70000000          0.00000318
            166         -6.68000000          0.00000350
            167         -6.66000000          0.00000384
            168         -6.64000000          0.00000421
            169         -6.62000000          0.00000462
            170         -6.60000000          0.00000507
            171         -6.58000000          0.00000556
            172         -6.56000000          0.00000609
            173         -6.54000000          0.00000667
            174         -6.52000000          0.00000730
            175         -6.50000000          0.00000799
            176         -6.48000000          0.00000874
            177         -6.46000000          0.00000956
            178         -6.44000000          0.00001045
            179         -6.42000000          0.00001142
            180         -6.40000000          0.00001247
            181         -6.38000000          0.00001362
            182         -6.36000000          0.00001486
            183         -6.34000000          0.00001621
            184         -6.32000000          0.00001768
            185         -6.30000000          0.00001927
            186         -6.28000000          0.00002099
            187         -6.26000000          0.00002287
            188         -6.24000000          0.00002489
            189         -6.22000000          0.00002709
            190         -6.20000000          0.00002947
            191         -6.18000000          0.00003205
            192         -6.16000000          0.00003484
            193         -6.14000000          0.00003785
            194         -6.12000000          0.00004111
            195         -6.10000000          0.00004463
            196         -6.08000000          0.00004844
            197         -6.06000000          0.00005254
            198         -6.04000000          0.00005698
            199         -6.02000000          0.00006176
            200         -6.00000000          0.00006692
            201         -5.98000000          0.00007247
            202         -5.96000000          0.00007846
            203         -5.94000000          0.00008491
            204         -5.92000000          0.00009186
            205         -5.90000000          0.00009933
            206         -5.88000000          0.00010736
            207         -5.86000000          0.00011600
            208         -5.84000000          0.00012529
            209         -5.82000000          0.00013526
            210         -5.80000000          0.00014597
            211         -5.78000000          0.00015747
            212         -5.76000000          0.00016980
            213         -5.74000000          0.00018303
            214         -5.72000000          0.00019720
            215         -5.70000000          0.00021239
            216         -5.68000000          0.00022866
            217         -5.66000000          0.00024607
            218         -5.64000000          0.00026471
            219         -5.62000000          0.00028464
            220         -5.60000000          0.00030595
            221         -5.58000000          0.00032873
            222         -5.56000000          0.00035306
            223         -5.54000000          0.00037903
            224         -5.52000000          0.00040676
            225         -5.50000000          0.00043634
            226         -5.48000000          0.00046789
            227         -5.46000000          0.00050151
            228         -5.44000000          0.00053734
            229         -5.42000000          0.00057549
            230         -5.40000000          0.00061611
            231         -5.38000000          0.00065933
            232         -5.36000000          0.00070530
            233         -5.34000000          0.00075418
            234         -5.32000000          0.00080611
            235         -5.30000000          0.00086128
            236         -5.28000000          0.00091986
            237         -5.26000000          0.00098203
            238         -5.24000000          0.00104799
            239         -5.22000000          0.00111792
            240         -5.20000000          0.00119204
            241         -5.18000000          0.00127058
            242         -5.16000000          0.00135374
            243         -5.14000000          0.00144177
            244         -5.12000000          0.00153491
            245         -5.10000000          0.00163341
            246         -5.08000000          0.00173754
            247         -5.06000000          0.00184757
            248         -5.04000000          0.00196378
            249         -5.02000000          0.00208646
            250         -5.00000000          0.00221592
            251         -4.98000000          0.00235248
            252         -4.96000000          0.00249645
            253         -4.94000000          0.00264817
            254         -4.92000000          0.00280799
            255         -4.90000000          0.00297627
            256         -4.88000000          0.00315336
            257         -4.86000000          0.00333966
            258         -4.84000000          0.00353555
            259         -4.82000000          0.00374144
            260         -4.80000000          0.00395773
            261         -4.78000000          0.00418484
            262         -4.76000000          0.00442323
            263         -4.74000000          0.00467332
            264         -4.72000000          0.00493558
            265         -4.70000000          0.00521047
            266         -4.68000000          0.00549847
            267         -4.66000000          0.00580007
            268         -4.64000000          0.00611576
            269         -4.62000000          0.00644606
            270         -4.60000000          0.00679148
            271         -4.58000000          0.00715255
            272         -4.56000000          0.00752981
            273         -4.54000000          0.00792379
            274         -4.52000000          0.00833505
            275         -4.50000000          0.00876415
            276         -4.48000000          0.00921166
            277         -4.46000000          0.00967814
            278         -4.44000000          0.01016418
            279         -4.42000000          0.01067036
            280         -4.40000000          0.01119727
            281         -4.38000000          0.01174549
            282         -4.36000000          0.01231563
            283         -4.34000000          0.01290829
            284         -4.32000000          0.01352405
            285         -4.30000000          0.01416352
            286         -4.28000000          0.01482729
            287         -4.26000000          0.01551597
            288         -4.24000000          0.01623013
            289         -4.22000000          0.01697038
            290         -4.20000000          0.01773730
            291         -4.18000000          0.01853146
            292         -4.16000000          0.01935343
            293         -4.14000000          0.02020378
            294         -4.12000000          0.02108305
            295         -4.10000000          0.02199180
            296         -4.08000000          0.02293054
            297         -4.06000000          0.02389979
            298         -4.04000000          0.02490005
            299         -4.02000000          0.02593179
            300         -4.00000000          0.02699549
            301         -3.98000000          0.02809157
            302         -3.96000000          0.02922048
            303         -3.94000000          0.03038259
            304         -3.92000000          0.03157829
            305         -3.90000000          0.03280791
            306         -3.88000000          0.03407179
            307         -3.86000000          0.03537020
            308         -3.84000000          0.03670341
            309         -3.82000000          0.03807165
            310         -3.80000000          0.03947509
            311         -3.78000000          0.04091390
            312         -3.76000000          0.04238819
            313         -3.74000000          0.04389805
            314         -3.72000000          0.04544351
            315         -3.70000000          0.04702456
            316         -3.68000000          0.04864115
            317         -3.66000000          0.05029321
            318         -3.64000000          0.05198057
            319         -3.62000000          0.05370307
            320         -3.60000000          0.05546045
            321         -3.58000000          0.05725243
            322         -3.56000000          0.05907869
            323         -3.54000000          0.06093881
            324         -3.52000000          0.06283237
            325         -3.50000000          0.06475885
            326         -3.48000000          0.06671771
            327         -3.46000000          0.06870834
            328         -3.44000000          0.07073006
            329         -3.42000000          0.07278215
            330         -3.40000000          0.07486383
            331         -3.38000000          0.07697425
            332         -3.36000000          0.07911251
            333         -3.34000000          0.08127766
            334         -3.32000000          0.08346866
            335         -3.30000000          0.08568445
            336         -3.28000000          0.08792389
            337         -3.26000000          0.09018578
            338         -3.24000000          0.09246886
            339         -3.22000000          0.09477182
            340         -3.20000000          0.09709330
            341         -3.18000000          0.09943186
            342         -3.16000000          0.10178602
            343         -3.14000000          0.10415426
            344         -3.12000000          0.10653498
            345         -3.10000000          0.10892654
            346         -3.08000000          0.11132725
            347         -3.06000000          0.11373537
            348         -3.04000000          0.11614911
            349         -3.02000000          0.11856665
            350         -3.00000000          0.12098611
            351         -2.98000000          0.12340557
            352         -2.96000000          0.12582308
            353         -2.94000000          0.12823665
            354         -2.92000000          0.13064426
            355         -2.90000000          0.13304384
            356         -2.88000000          0.13543333
            357         -2.86000000          0.13781061
            358         -2.84000000          0.14017354
            359         -2.82000000          0.14251998
            360         -2.80000000          0.14484776
            361         -2.78000000          0.14715469
            362         -2.76000000          0.14943860
            363         -2.74000000          0.15169728
            364         -2.72000000          0.15392853
            365         -2.70000000          0.15613015
            366         -2.68000000          0.15829995
            367         -2.66000000          0.16043574
            368         -2.64000000          0.16253535
            369         -2.62000000          0.16459660
            370         -2.60000000          0.16661737
            371         -2.58000000          0.16859553
            372         -2.56000000          0.17052898
            373         -2.54000000          0.17241567
            374         -2.52000000          0.17425356
            375         -2.50000000          0.17604066
            376         -2.48000000          0.17777501
            377         -2.46000000          0.17945471
            378         -2.44000000          0.18107789
            379         -2.42000000          0.18264275
            380         -2.40000000          0.18414754
            381         -2.38000000          0.18559056
            382         -2.36000000          0.18697016
            383         -2.34000000          0.18828479
            384         -2.32000000          0.18953294
            385         -2.30000000          0.19071318
            386         -2.28000000          0.19182414
            387         -2.26000000          0.19286455
            388         -2.24000000          0.19383320
            389         -2.22000000          0.19472897
            390         -2.20000000          0.19555082
            391         -2.18000000          0.19629779
            392         -2.16000000          0.19696902
            393         -2.14000000          0.19756372
            394         -2.12000000          0.19808121
            395         -2.10000000          0.19852090
            396         -2.08000000          0.19888229
            397         -2.06000000          0.19916496
            398         -2.04000000          0.19936860
            399         -2.02000000          0.19949301
            400         -2.00000000          0.19953806
            401         -1.98000000          0.19950372
            402         -1.96000000          0.19939009
            403         -1.94000000          0.19919733
            404         -1.92000000          0.19892571
            405         -1.90000000          0.19857560
            406         -1.88000000          0.19814747
            407         -1.86000000          0.19764187
            408         -1.84000000          0.19705947
            409         -1.82000000          0.19640101
            410         -1.80000000          0.19566732
            411         -1.78000000          0.19485935
            412         -1.76000000          0.19397811
            413         -1.74000000          0.19302471
            414         -1.72000000          0.19200035
            415         -1.70000000          0.19090630
            416         -1.68000000          0.18974392
            417         -1.66000000          0.18851465
            418         -1.64000000          0.18722001
            419         -1.62000000          0.18586158
            420         -1.60000000          0.18444102
            421         -1.58000000          0.18296006
            422         -1.56000000          0.18142050
            423         -1.54000000          0.17982418
            424         -1.52000000          0.17817302
            425         -1.50000000          0.17646900
            426         -1.48000000          0.17471414
            427         -1.46000000          0.17291051
            428         -1.44000000          0.17106023
            429         -1.42000000          0.16916546
            430         -1.40000000          0.16722841
            431         -1.38000000          0.16525131
            432         -1.36000000          0.16323643
            433         -1.34000000          0.16118608
            434         -1.32000000          0.15910257
            435         -1.30000000          0.15698825
            436         -1.28000000          0.15484549
            437         -1.26000000          0.15267667
            438         -1.24000000          0.15048419
            439         -1.22000000          0.14827043
            440         -1.20000000          0.14603782
            441         -1.18000000          0.14378875
            442         -1.16000000          0.14152564
            443         -1.14000000          0.13925089
            444         -1.12000000          0.13696689
            445         -1.10000000          0.13467603
            446         -1.08000000          0.13238069
            447         -1.06000000          0.13008321
            448         -1.04000000          0.12778595
            449         -1.02000000          0.12549121
            450         -1.00000000          0.12320129
            451         -0.98000000          0.12091845
            452         -0.96000000          0.11864495
            453         -0.94000000          0.11638299
            454         -0.92000000          0.11413474
            455         -0.90000000          0.11190235
            456         -0.88000000          0.10968794
            457         -0.86000000          0.10749356
            458         -0.84000000          0.10532125
            459         -0.82000000          0.10317300
            460         -0.80000000          0.10105075
            461         -0.78000000          0.09895642
            462         -0.76000000          0.09689187
            463         -0.74000000          0.09485890
            464         -0.72000000          0.09285929
            465         -0.70000000          0.09089476
            466         -0.68000000          0.08896699
            467         -0.66000000          0.08707760
            468         -0.64000000          0.08522816
            469         -0.62000000          0.08342021
            470         -0.60000000          0.08165522
            471         -0.58000000          0.07993462
            472         -0.56000000          0.07825979
            473         -0.54000000          0.07663206
            474         -0.52000000          0.07505270
            475         -0.50000000          0.07352295
            476         -0.48000000          0.07204397
            477         -0.46000000          0.07061691
            478         -0.44000000          0.06924283
            479         -0.42000000          0.06792276
            480         -0.40000000          0.06665768
            481         -0.38000000          0.06544853
            482         -0.36000000          0.06429618
            483         -0.34000000          0.06320147
            484         -0.32000000          0.06216518
            485         -0.30000000          0.06118806
            486         -0.28000000          0.06027078
            487         -0.26000000          0.05941400
            488         -0.24000000          0.05861831
            489         -0.22000000          0.05788427
            490         -0.20000000          0.05721238
            491         -0.18000000          0.05660309
            492         -0.16000000          0.05605683
            493         -0.14000000          0.05557397
            494         -0.12000000          0.05515484
            495         -0.10000000          0.05479971
            496         -0.08000000          0.05450882
            497         -0.06000000          0.05428237
            498         -0.04000000          0.05412052
            499         -0.02000000          0.05402336
            500          0.00000000          0.05399097
            501          0.02000000          0.05402336
            502          0.04000000          0.05412052
            503          0.06000000          0.05428237
            504          0.08000000          0.05450882
            505          0.10000000          0.05479971
            506          0.12000000          0.05515484
            507          0.14000000          0.05557397
            508          0.16000000          0.05605683
            509          0.18000000          0.05660309
            510          0.20000000          0.05721238
            511          0.22000000          0.05788427
            512          0.24000000          0.05861831
            513          0.26000000          0.05941400
            514          0.28000000          0.06027078
            515          0.30000000          0.06118806
            516          0.32000000          0.06216518
            517          0.34000000          0.06320147
            518          0.36000000          0.06429618
            519          0.38000000          0.06544853
            520          0.40000000          0.06665768
            521          0.42000000          0.06792276
            522          0.44000000          0.06924283
            523          0.46000000          0.07061691
            524          0.48000000          0.07204397
            525          0.50000000          0.07352295
            526          0.52000000          0.07505270
            527          0.54000000          0.07663206
            528          0.56000000          0.07825979
            529          0.58000000          0.07993462
            530          0.60000000          0.08165522
            531          0.62000000          0.08342021
            532          0.64000000          0.08522816
            533          0.66000000          0.08707760
            534          0.68000000          0.08896699
            535          0.70000000          0.09089476
            536          0.72000000          0.09285929
            537          0.74000000          0.09485890
            538          0.76000000          0.09689187
            539          0.78000000          0.09895642
            540          0.80000000          0.10105075
            541          0.82000000          0.10317300
            542          0.84000000          0.10532125
            543          0.86000000          0.10749356
            544          0.88000000          0.10968794
            545          0.90000000          0.11190235
            546          0.92000000          0.11413474
            547          0.94000000          0.11638299
            548          0.96000000          0.11864495
            549          0.98000000          0.12091845
            550          1.00000000          0.12320129
            551          1.02000000          0.12549121
            552          1.04000000          0.12778595
            553          1.06000000          0.13008321
            554          1.08000000          0.13238069
            555          1.10000000          0.13467603
            556          1.12000000          0.13696689
            557          1.14000000          0.13925089
            558          1.16000000          0.14152564
            559          1.18000000          0.14378875
            560          1.20000000          0.14603782
            561          1.22000000          0.14827043
            562          1.24000000          0.15048419
            563          1.26000000          0.15267667
            564          1.28000000          0.15484549
            565          1.30000000          0.15698825
            566          1.32000000          0.15910257
            567          1.34000000          0.16118608
            568          1.36000000          0.16323643
            569          1.38000000          0.16525131
            570          1.40000000          0.16722841
            571          1.42000000          0.16916546
            572          1.44000000          0.17106023
            573          1.46000000          0.17291051
            574          1.48000000          0.17471414
            575          1.50000000          0.17646900
            576          1.52000000          0.17817302
            577          1.54000000          0.17982418
            578          1.56000000          0.18142050
            579          1.58000000          0.18296006
            580          1.60000000          0.18444102
            581          1.62000000          0.18586158
            582          1.64000000          0.18722001
            583          1.66000000          0.18851465
            584          1.68000000          0.18974392
            585          1.70000000          0.19090630
            586          1.72000000          0.19200035
            587          1.74000000          0.19302471
            588          1.76000000          0.19397811
            589          1.78000000          0.19485935
            590          1.80000000          0.19566732
            591          1.82000000          0.19640101
            592          1.84000000          0.19705947
            593          1.86000000          0.19764187
            594          1.88000000          0.19814747
            595          1.90000000          0.19857560
            596          1.92000000          0.19892571
            597          1.94000000          0.19919733
            598          1.96000000          0.19939009
            599          1.98000000          0.19950372
            600          2.00000000          0.19953806
            601          2.02000000          0.19949301
            602          2.04000000          0.19936860
            603          2.06000000          0.19916496
            604          2.08000000          0.19888229
            605          2.10000000          0.19852090
            606          2.12000000          0.19808121
            607          2.14000000          0.19756372
            608          2.16000000          0.19696902
            609          2.18000000          0.19629779
            610          2.20000000          0.19555082
            611          2.22000000          0.19472897
            612          2.24000000          0.19383320
            613          2.26000000          0.19286455
            614          2.28000000          0.19182414
            615          2.30000000          0.19071318
            616          2.32000000          0.18953294
            617          2.34000000          0.18828479
            618          2.36000000          0.18697016
            619          2.38000000          0.18559056
            620          2.40000000          0.18414754
            621          2.42000000          0.18264275
            622          2.44000000          0.18107789
            623          2.46000000          0.17945471
            624          2.48000000          0.17777501
            625          2.50000000          0.17604066
            626          2.52000000          0.17425356
            627          2.54000000          0.17241567
            628          2.56000000          0.17052898
            629          2.58000000          0.16859553
            630          2.60000000          0.16661737
            631          2.62000000          0.16459660
            632          2.64000000          0.16253535
            633          2.66000000          0.16043574
            634          2.68000000          0.15829995
            635          2.70000000          0.15613015
            636          2.72000000          0.15392853
            637          2.74000000          0.15169728
            638          2.76000000          0.14943860
            639          2.78000000          0.14715469
            640          2.80000000          0.14484776
            641          2.82000000          0.14251998
            642          2.84000000          0.14017354
            643          2.86000000          0.13781061
            644          2.88000000          0.13543333
            645          2.90000000          0.13304384
            646          2.92000000          0.13064426
            647          2.94000000          0.12823665
            648          2.96000000          0.12582308
            649          2.98000000          0.12340557
            650          3.00000000          0.12098611
            651          3.02000000          0.11856665
            652          3.04000000          0.11614911
            653          3.06000000          0.11373537
            654          3.08000000          0.11132725
            655          3.10000000          0.10892654
            656          3.12000000          0.10653498
            657          3.14000000          0.10415426
            658          3.16000000          0.10178602
            659          3.18000000          0.09943186
            660          3.20000000          0.09709330
            661          3.22000000          0.09477182
            662          3.24000000          0.09246886
            663          3.26000000          0.09018578
            664          3.28000000          0.08792389
            665          3.30000000          0.08568445
            666          3.32000000          0.08346866
            667          3.34000000          0.08127766
            668          3.36000000          0.07911251
            669          3.38000000          0.07697425
            670          3.40000000          0.07486383
            671          3.42000000          0.07278215
            672          3.44000000          0.07073006
            673          3.46000000          0.06870834
            674          3.48000000          0.06671771
            675          3.50000000          0.06475885
            676          3.52000000          0.06283237
            677          3.54000000          0.06093881
            678          3.56000000          0.05907869
            679          3.58000000          0.05725243
            680          3.60000000          0.05546045
            681          3.62000000          0.05370307
            682          3.64000000          0.05198057
            683          3.66000000          0.05029321
            684          3.68000000          0.04864115
            685          3.70000000          0.04702456
            686          3.72000000          0.04544351
            687          3.74000000          0.04389805
            688          3.76000000          0.04238819
            689          3.78000000          0.04091390
            690          3.80000000          0.03947509
            691          3.82000000          0.03807165
            692          3.84000000          0.03670341
            693          3.86000000          0.03537020
            694          3.88000000          0.03407179
            695          3.90000000          0.03280791
            696          3.92000000          0.03157829
            697          3.94000000          0.03038259
            698          3.96000000          0.02922048
            699          3.98000000          0.02809157
            700          4.00000000          0.02699549
            701          4.02000000          0.02593179
            702          4.04000000          0.02490005
            703          4.06000000          0.02389979
            704          4.08000000          0.02293054
            705          4.10000000          0.02199180
            706          4.12000000          0.02108305
            707          4.14000000          0.02020378
            708          4.16000000          0.01935343
            709          4.18000000          0.01853146
            710          4.20000000          0.01773730
            711          4.22000000          0.01697038
            712          4.24000000          0.01623013
            713          4.26000000          0.01551597
            714          4.28000000          0.01482729
            715          4.30000000          0.01416352
            716          4.32000000          0.01352405
            717          4.34000000          0.01290829
            718          4.36000000          0.01231563
            719          4.38000000          0.01174549
            720          4.40000000          0.01119727
            721          4.42000000          0.01067036
            722          4.44000000          0.01016418
            723          4.46000000          0.00967814
            724          4.48000000          0.00921166
            725          4.50000000          0.00876415
            726          4.52000000          0.00833505
            727          4.54000000          0.00792379
            728          4.56000000          0.00752981
            729          4.58000000          0.00715255
            730          4.60000000          0.00679148
            731          4.62000000          0.00644606
            732          4.64000000          0.00611576
            733          4.66000000          0.00580007
            734          4.68000000          0.00549847
            735          4.70000000          0.00521047
            736          4.72000000          0.00493558
            737          4.74000000          0.00467332
            738          4.76000000          0.00442323
            739          4.78000000          0.00418484
            740          4.80000000          0.00395773
            741          4.82000000          0.00374144
            742          4.84000000          0.00353555
            743          4.86000000          0.00333966
            744          4.88000000          0.00315336
            745          4.90000000          0.00297627
            746          4.92000000          0.00280799
            747          4.94000000          0.00264817
            748          4.96000000          0.00249645
            749          4.98000000          0.00235248
            750          5.00000000          0.00221592
            751          5.02000000          0.00208646
            752          5.04000000          0.00196378
            753          5.06000000          0.00184757
            754          5.08000000          0.00173754
            755          5.10000000          0.00163341
            756          5.12000000          0.00153491
            757          5.14000000          0.00144177
            758          5.16000000          0.00135374
            759          5.18000000          0.00127058
            760          5.20000000          0.00119204
            761          5.22000000          0.00111792
            762          5.24000000          0.00104799
            763          5.26000000          0.00098203
            764          5.28000000          0.00091986
            765          5.30000000          0.00086128
            766          5.32000000          0.00080611
            767          5.34000000          0.00075418
            768          5.36000000          0.00070530
            769          5.38000000          0.00065933
            770          5.40000000          0.00061611
            771          5.42000000          0.00057549
            772          5.44000000          0.00053734
            773          5.46000000          0.00050151
            774          5.48000000          0.00046789
            775          5.50000000          0.00043634
            776          5.52000000          0.00040676
            777          5.54000000          0.00037903
            778          5.56000000          0.00035306
            779          5.58000000          0.00032873
            780          5.60000000          0.00030595
            781          5.62000000          0.00028464
            782          5.64000000          0.00026471
            783          5.66000000          0.00024607
            784          5.68000000          0.00022866
            785          5.70000000          0.00021239
            786          5.72000000          0.00019720
            787          5.74000000          0.00018303
            788          5.76000000          0.00016980
            789          5.78000000          0.00015747
            790          5.80000000          0.00014597
            791          5.82000000          0.00013526
            792          5.84000000          0.00012529
            793          5.86000000          0.00011600
            794          5.88000000          0.00010736
            795          5.90000000          0.00009933
            796          5.92000000          0.00009186
            797          5.94000000          0.00008491
            798          5.96000000          0.00007846
            799          5.98000000          0.00007247
            800          6.00000000          0.00006692
            801          6.02000000          0.00006176
            802          6.04000000          0.00005698
            803          6.06000000          0.00005254
            804          6.08000000          0.00004844
            805          6.10000000          0.00004463
            806          6.12000000          0.00004111
            807          6.14000000          0.00003785
            808          6.16000000          0.00003484
            809          6.18000000          0.00003205
            810          6.20000000          0.00002947
            811          6.22000000          0.00002709
            812          6.24000000          0.00002489
            813          6.26000000          0.00002287
            814          6.28000000          0.00002099
            815          6.30000000          0.00001927
            816          6.32000000          0.00001768
            817          6.34000000          0.00001621
            818          6.36000000          0.00001486
            819          6.38000000          0.00001362
            820          6.40000000          0.00001247
            821          6.42000000          0.00001142
            822          6.44000000          0.00001045
            823          6.46000000          0.00000956
            824          6.48000000          0.00000874
            825          6.50000000          0.00000799
            826          6.52000000          0.00000730
            827          6.54000000          0.00000667
            828          6.56000000          0.00000609
            829          6.58000000          0.00000556
            830          6.60000000          0.00000507
            831          6.62000000          0.00000462
            832          6.64000000          0.00000421
            833          6.66000000          0.00000384
            834          6.68000000          0.00000350
            835          6.70000000          0.00000318
            836          6.72000000          0.00000290
            837          6.74000000          0.00000264
            838          6.76000000          0.00000240
            839          6.78000000          0.00000218
            840          6.80000000          0.00000198
            841          6.82000000          0.00000180
            842          6.84000000          0.00000163
            843          6.86000000          0.00000148
            844          6.88000000          0.00000134
            845          6.90000000          0.00000122
            846          6.92000000          0.00000111
            847          6.94000000          0.00000100
            848          6.96000000          0.00000091
            849          6.98000000          0.00000082
            850          7.00000000          0.00000074
            851          7.02000000          0.00000067
            852          7.04000000          0.00000061
            853          7.06000000          0.00000055
            854          7.08000000          0.00000050
            855          7.10000000          0.00000045
            856          7.12000000          0.00000041
            857          7.14000000          0.00000037
            858          7.16000000          0.00000033
            859          7.18000000          0.00000030
            860          7.20000000          0.00000027
            861          7.22000000          0.00000024
            862          7.24000000          0.00000022
            863          7.26000000          0.00000020
            864          7.28000000          0.00000018
            865          7.30000000          0.00000016
            866          7.32000000          0.00000014
            867          7.34000000          0.00000013
            868          7.36000000          0.00000012
            869          7.38000000          0.00000010
            870          7.40000000          0.00000009
            871          7.42000000          0.00000008
            872          7.44000000          0.00000007
            873          7.46000000          0.00000007
            874          7.48000000          0.00000006
            875          7.50000000          0.00000005
            876          7.52000000          0.00000005
            877          7.54000000          0.00000004
            878          7.56000000          0.00000004
            879          7.58000000          0.00000003
            880          7.60000000          0.00000003
            881          7.62000000          0.00000003
            882          7.64000000          0.00000002
            883          7.66000000          0.00000002
            884          7.68000000          0.00000002
            885          7.70000000          0.00000002
            886          7.72000000          0.00000002
            887          7.74000000          0.00000001
            888          7.76000000          0.00000001
            889          7.78000000          0.00000001
            890          7.80000000          0.00000001
            891          7.82000000          0.00000001
            892          7.84000000          0.00000001
            893          7.86000000          0.00000001
            894          7.88000000          0.00000001
            895          7.90000000          0.00000001
            896          7.92000000          0.00000000
            897          7.94000000          0.00000000
            898          7.96000000          0.00000000
            899          7.98000000          0.00000000
            900          8.00000000          0.00000000
            901          8.02000000          0.00000000
            902          8.04000000          0.00000000
            903          8.06000000          0.00000000
            904          8.08000000          0.00000000
            905          8.10000000          0.00000000
            906          8.12000000          0.00000000
            907          8.14000000          0.00000000
            908          8.16000000          0.00000000
            909          8.18000000          0.00000000
            910          8.20000000          0.00000000
            911          8.22000000          0.00000000
            912          8.24000000          0.00000000
            913          8.26000000          0.00000000
            914          8.28000000          0.00000000
            915          8.30000000          0.00000000
            916          8.32000000          0.00000000
            917          8.34000000          0.00000000
            918          8.36000000          0.00000000
            919          8.38000000          0.00000000
            920          8.40000000          0.00000000
            921          8.42000000          0.00000000
            922          8.44000000          0.00000000
            923          8.46000000          0.00000000
            924          8.48000000          0.00000000
            925          8.50000000          0.00000000
            926          8.52000000          0.00000000
            927          8.54000000          0.00000000
            928          8.56000000          0.00000000
            929          8.58000000          0.00000000
            930          8.60000000          0.00000000
            931          8.62000000          0.00000000
            932          8.64000000          0.00000000
            933          8.66000000          0.00000000
            934          8.68000000          0.00000000
            935          8.70000000          0.00000000
            936          8.72000000          0.00000000
            937          8.74000000          0.00000000
            938          8.76000000          0.00000000
            939          8.78000000          0.00000000
            940          8.80000000          0.00000000
            941          8.82000000          0.00000000
            942          8.84000000          0.00000000
            943          8.86000000          0.00000000
            944          8.88000000          0.00000000
            945          8.90000000          0.00000000
            946          8.92000000          0.00000000
            947          8.94000000          0.00000000
            948          8.96000000          0.00000000
            949          8.98000000          0.00000000
            950          9.00000000          0.00000000
            951          9.02000000          0.00000000
            952          9.04000000          0.00000000
            953          9.06000000          0.00000000
            954          9.08000000          0.00000000
            955          9.10000000          0.00000000
            956          9.12000000          0.00000000
            957          9.14000000          0.00000000
            958          9.16000000          0.00000000
            959          9.18000000          0.00000000
            960          9.20000000          0.00000000
            961          9.22000000          0.00000000
            962          9.24000000          0.00000000
            963          9.26000000          0.00000000
            964          9.28000000          0.00000000
            965          9.30000000          0.00000000
            966          9.32000000          0.00000000
            967          9.34000000          0.00000000
            968          9.36000000          0.00000000
            969          9.38000000          0.00000000
            970          9.40000000          0.00000000
            971          9.42000000          0.00000000
            972          9.44000000          0.00000000
            973          9.46000000          0.00000000
            974          9.48000000          0.00000000
            975          9.50000000          0.00000000
            976          9.52000000          0.00000000
            977          9.54000000          0.00000000
            978          9.56000000          0.00000000
            979          9.58000000          0.00000000
            980          9.60000000          0.00000000
            981          9.62000000          0.00000000
            982          9.64000000          0.00000000
            983          9.66000000          0.00000000
            984          9.68000000          0.00000000
            985          9.70000000          0.00000000
            986          9.72000000          0.00000000
            987          9.74000000          0.00000000
            988          9.76000000          0.00000000
            989          9.78000000          0.00000000
            990          9.80000000          0.00000000
            991          9.82000000          0.00000000
            992          9.84000000          0.00000000
            993          9.86000000          0.00000000
            994          9.88000000          0.00000000
            995          9.90000000          0.00000000
            996          9.92000000          0.00000000
            997          9.94000000          0.00000000
            998          9.96000000          0.00000000
            999          9.98000000          0.00000000
