              2            -32      29.755185     0.33991648    0.050263376   0.0028198795
              2          -31.9        29.7462     0.33829344    0.046859185   0.0034312197
              2          -31.8      29.708153     0.34011629    0.033433221   0.0022701643
              2          -31.7      29.774185     0.33816918    0.047210582   0.0027484151
              2          -31.6      29.769799     0.34096966    0.043122755   0.0029611434
              2          -31.5      29.787862      0.3393328    0.053370405   0.0032407602
              2          -31.4      29.779765     0.34202431    0.035203872   0.0022702068
              2          -31.3      29.746547      0.3388407    0.033074377   0.0025758844
              2          -31.2       29.74099     0.33576887    0.039314662   0.0027905882
              2          -31.1      29.743705     0.33912039    0.032962422   0.0020063873
              2            -31      29.655245     0.33789406     0.04185312   0.0029375415
              2          -30.9      29.610222     0.33182368    0.034961753   0.0027359123
              2          -30.8      29.540756     0.32761821     0.03143705    0.002214439
              2          -30.7       29.57413      0.3291042    0.040469444   0.0023934778
              2          -30.6      29.553425      0.3303191    0.039727426   0.0024071205
              2          -30.5      29.565736     0.32769594    0.034997636   0.0023833779
              2          -30.4      29.579343     0.33242178    0.036810933    0.002365382
              2          -30.3      29.520556     0.32764351     0.03159142   0.0020967105
              2          -30.2      29.415605      0.3221141    0.040219819   0.0025539099
              2          -30.1      29.406156     0.32045606    0.031255708   0.0023990523
              2            -30       29.38935     0.31911489    0.033419834   0.0025996897
              2          -29.9      29.336121     0.31814441    0.038206748   0.0026458068
              2          -29.8      29.278646      0.3128352    0.031700514   0.0022301645
              2          -29.7      29.230374     0.30859647    0.035519633   0.0024468278
              2          -29.6      29.248505     0.31035426     0.04168691   0.0028669292
              2          -29.5      29.179358     0.30751167    0.036202164   0.0027673899
              2          -29.4      29.132334     0.30474837    0.034737107   0.0023565775
              2          -29.3      29.067034     0.30295762    0.035683377   0.0025201111
              2          -29.2      28.996234     0.29748018    0.036617314   0.0027514624
              2          -29.1      29.023741     0.29706354    0.035059398   0.0023836256
              2            -29      28.901799     0.29175435    0.038907245   0.0028907537
              2          -28.9      28.857149     0.29170185    0.033597102   0.0025111412
              2          -28.8       28.79122     0.28335396    0.034580686   0.0025257566
              2          -28.7      28.767617      0.2828608    0.039396635   0.0026334537
              2          -28.6      28.680425     0.27627325    0.032246722   0.0022416551
              2          -28.5      28.660766     0.27789089    0.023927146   0.0017329082
              2          -28.4      28.575663     0.27195451    0.034977168   0.0022579868
              2          -28.3      28.501758     0.26661147    0.031107114    0.001949249
              2          -28.2      28.445877     0.26445263    0.028682261   0.0021403797
              2          -28.1      28.447371     0.26462656    0.030564094   0.0019380584
              2            -28      28.274145      0.2515373    0.031873791   0.0022921506
              2          -27.9      28.300007     0.25618697    0.029463565   0.0020227752
              2          -27.8      28.192225     0.24817274    0.031126364   0.0020744162
              2          -27.7       28.11315     0.24486893    0.030980888   0.0021262129
              2          -27.6      28.130442      0.2453157    0.025311402   0.0019134156
              2          -27.5      28.011639     0.23768959    0.020597684   0.0018346252
              2          -27.4      27.958642     0.23408531    0.026639239   0.0018758253
              2          -27.3      27.828372     0.23096008    0.029021233   0.0020530867
              2          -27.2      27.768027     0.22450333    0.025803595   0.0016419005
              2          -27.1       27.66565     0.21887661    0.027713057   0.0017804728
              2            -27      27.643489     0.22096311    0.026100252   0.0016288097
              2          -26.9      27.577002     0.21583174    0.027443624   0.0018873779
              2          -26.8       27.51466     0.21340056    0.030062209   0.0017039024
              2          -26.7      27.403834     0.20530422    0.027642189   0.0016479617
              2          -26.6      27.368432     0.20473063    0.029522995   0.0018464973
              2          -26.5      27.246878     0.19953178    0.022520371   0.0014060081
              2          -26.4      27.211441     0.19730902    0.033401389   0.0021246211
              2          -26.3      27.093928     0.19053991    0.030350719   0.0017136999
              2          -26.2      27.000134     0.18581939    0.027704772   0.0016035255
              2          -26.1      26.947155     0.18382073    0.023321854   0.0014968356
              2            -26       26.83902     0.17774084    0.030554579    0.001747806
              2          -25.9      26.788227       0.177032    0.028956632   0.0014678711
              2          -25.8      26.717933     0.17200492    0.023808368    0.001248285
              2          -25.7      26.632665     0.17005509    0.023650105   0.0013289239
              2          -25.6      26.574145      0.1671281    0.026140735   0.0014181296
              2          -25.5      26.414733     0.16008397    0.020986285   0.0011346393
              2          -25.4      26.370705     0.15786539    0.023767006   0.0014083497
              2          -25.3      26.331386     0.15597963    0.023936392   0.0011657947
              2          -25.2      26.259531     0.15167185    0.025704618   0.0013974409
              2          -25.1      26.166776     0.14825259    0.023879684   0.0015656269
              2            -25      26.051164     0.14520088    0.024126513   0.0012424728
              2          -24.9      25.978085     0.14316358    0.024530628   0.0010473985
              2          -24.8      25.885229     0.13895516    0.021634099   0.0011362701
              2          -24.7      25.805021     0.13565522    0.023088198   0.0011216625
              2          -24.6      25.707227     0.13284978    0.017427001  0.00091103757
              2          -24.5      25.646798     0.12996648    0.023316147   0.0012393257
              2          -24.4      25.560379     0.12688752    0.019101553  0.00089814708
              2          -24.3      25.454448     0.12274295    0.022653366   0.0011191298
              2          -24.2      25.385566     0.12029887    0.018211018  0.00088673607
              2          -24.1      25.307172      0.1179809    0.025865278   0.0012733822
              2            -24      25.230626     0.11620011     0.01916071  0.00091420596
              2          -23.9       25.17297     0.11455458    0.021862818  0.00095926908
              2          -23.8      25.051528     0.11012942    0.024573829   0.0010985964
              2          -23.7      24.969238     0.10793553    0.024388519  0.00096826551
              2          -23.6      24.866229     0.10432974    0.017840814  0.00080461437
              2          -23.5      24.762342     0.10158862    0.019805372  0.00085698147
              2          -23.4      24.716351     0.10037104    0.021491813   0.0008381585
              2          -23.3      24.645586     0.09810503    0.022802584   0.0010100445
              2          -23.2      24.519971    0.094381116     0.01871979  0.00075734563
              2          -23.1      24.453435    0.093848278    0.018727905  0.00073462637
              2            -23       24.32272     0.08987807    0.021379043  0.00060172398
              2          -22.9      24.289462    0.088730419    0.022029314  0.00084757579
              2          -22.8      24.145656    0.085050067    0.023076531  0.00084150538
              2          -22.7      24.115393    0.083925824     0.02407604  0.00080817777
              2          -22.6      23.983822    0.081216375    0.020092055  0.00077368519
              2          -22.5      23.917226     0.08022117    0.016039692   0.0006569659
              2          -22.4      23.830094     0.07768014    0.022331581  0.00058614909
              2          -22.3      23.757344    0.075558615    0.022135723   0.0007561831
              2          -22.2      23.683765    0.073669518    0.020815393  0.00065011101
              2          -22.1      23.533799    0.071371083    0.023040196  0.00065808864
              2            -22      23.475092    0.070088464    0.027787368  0.00064440551
              2          -21.9      23.404069    0.068375977    0.019824744  0.00062881313
              2          -21.8      23.262058    0.065678206    0.014117737  0.00054930805
              2          -21.7      23.217677    0.064263082    0.021582254  0.00053871941
              2          -21.6      23.145101    0.063647713    0.018452091  0.00061453929
              2          -21.5      23.051678    0.062676701     0.01829033  0.00050676632
              2          -21.4      22.943066    0.059747496    0.023375377   0.0005544176
              2          -21.3      22.851406     0.05773135    0.020867925  0.00060084891
              2          -21.2      22.745489    0.056374365    0.022875902  0.00061689776
              2          -21.1      22.663026    0.055131071    0.021508778  0.00056717139
              2            -21      22.577084    0.053308413    0.023656187  0.00054790446
              2          -20.9      22.504477    0.052744104    0.021491928  0.00056560271
              2          -20.8      22.447866    0.051655042    0.022857413  0.00054692552
              2          -20.7      22.296225    0.048902813    0.021265399  0.00047957898
              2          -20.6      22.215304     0.04789647    0.021259349  0.00041657408
              2          -20.5      22.136508    0.046814616    0.019545156  0.00049665323
              2          -20.4      22.020541     0.04567758    0.018745617  0.00046884618
              2          -20.3      21.983244    0.044149015    0.020713621  0.00058076928
              2          -20.2      21.875073    0.043196108    0.023814046  0.00063840624
              2          -20.1      21.787885    0.042563737    0.025324472  0.00051527154
              2            -20      21.681185    0.041044441    0.020094231  0.00043298465
              2          -19.9      21.573421     0.03899209    0.021452897  0.00041920146
              2          -19.8      21.520319    0.038692311    0.019381306  0.00036909547
              2          -19.7      21.408358    0.037556222    0.020238387  0.00041659887
              2          -19.6      21.315794     0.03670354    0.023817764  0.00046539343
              2          -19.5      21.251151    0.036596724    0.022275327  0.00037405276
              2          -19.4      21.147798    0.034348523    0.020912252  0.00044099607
              2          -19.3       21.07069    0.033929127    0.018793624  0.00025467243
              2          -19.2      20.954573    0.032594733    0.019372108  0.00044942713
              2          -19.1      20.878368    0.031792788    0.020105957  0.00041304053
              2            -19      20.813792     0.03098518    0.021183786  0.00042317173
              2          -18.9      20.646539     0.02987621    0.024293708  0.00033776514
              2          -18.8      20.589865    0.028982416    0.017605394   0.0003847011
              2          -18.7      20.507394    0.027890533    0.022997017  0.00042433249
              2          -18.6      20.408397    0.027420186    0.024414909  0.00029811712
              2          -18.5      20.318452    0.027025598    0.020768566   0.0002844278
              2          -18.4      20.259194    0.026231975    0.019253738  0.00043847568
              2          -18.3      20.131013    0.025057804    0.021742758  0.00030378417
              2          -18.2      20.041419    0.024286652    0.024080175  0.00031645102
              2          -18.1       19.96824    0.024098653    0.021500997  0.00032965188
              2            -18      19.855643    0.022688026    0.020087665  0.00037909139
              2          -17.9      19.752963    0.022606269    0.020641546  0.00028657959
              2          -17.8      19.664942    0.021552019    0.022076267  0.00032284507
              2          -17.7      19.606645    0.020905092    0.022312642  0.00029942051
              2          -17.6      19.491065     0.02075872    0.024961685  0.00027998129
              2          -17.5      19.377894    0.019847194    0.020491963  0.00026846022
              2          -17.4       19.32195    0.019266895     0.01804065  0.00036480071
              2          -17.3      19.244239    0.018921192    0.020765522  0.00024869251
              2          -17.2      19.138009    0.018208929    0.025207663  0.00029484823
              2          -17.1      19.040267    0.018000836    0.022259129  0.00022200144
              2            -17      18.942471    0.016797696    0.023034018  0.00031211347
              2          -16.9      18.855442    0.016518297    0.021168321  0.00024806924
              2          -16.8       18.75972    0.016187474    0.019345019  0.00019761796
              2          -16.7      18.643514    0.015513053    0.021303209  0.00021349543
              2          -16.6      18.594067    0.015618656    0.021303564  0.00022578393
              2          -16.5      18.456137    0.014853704    0.021285202  0.00030037002
              2          -16.4      18.341189    0.014046235    0.018650152  0.00023268866
              2          -16.3      18.252978    0.013927004    0.018764622  0.00019710471
              2          -16.2      18.201638    0.013563062     0.02189642  0.00026270664
              2          -16.1      18.082464    0.013111405     0.01946077  0.00018269207
              2            -16      17.980638    0.012195798     0.02217802  0.00023532652
              2          -15.9       17.91348    0.012502505    0.025202007  0.00021200109
              2          -15.8       17.80457    0.011944641    0.023970801  0.00019109268
              2          -15.7      17.773043    0.011554088    0.020281797  0.00030536281
              2          -15.6      17.637169    0.011122605     0.02401817  0.00018841445
              2          -15.5      17.513979    0.010901867    0.020717046  0.00016358326
              2          -15.4      17.420446     0.01000276    0.021414649  0.00014953118
              2          -15.3      17.363914    0.010070007    0.020942151  0.00017049758
              2          -15.2      17.225989   0.0098570456    0.021563518  0.00015989634
              2          -15.1      17.158962   0.0095650797    0.017335057   0.0001626992
              2            -15      17.088209   0.0093264952    0.024704724  0.00018072013
              2          -14.9      16.983648   0.0090075141    0.026602444  0.00013349228
              2          -14.8      16.856993   0.0082975359    0.018891267  0.00013867025
              2          -14.7      16.708451    0.007689611    0.022624769    0.000195628
              2          -14.6      16.710248   0.0081400201    0.027047936   0.0001317462
              2          -14.5       16.61368   0.0078924829    0.025742505  0.00017574819
              2          -14.4      16.511396   0.0075222129    0.021523406  0.00017323439
              2          -14.3      16.404472   0.0072316323    0.022832108   0.0001230609
              2          -14.2      16.287125   0.0070374431    0.021007327  0.00016530228
              2          -14.1      16.229931   0.0067551834    0.021759619  0.00022457621
              2            -14      16.087309   0.0068174015    0.025863209  0.00014033847
              2          -13.9       16.02467   0.0064156975     0.01956244  0.00013436414
              2          -13.8      15.892131   0.0061647018    0.026335481  0.00012463528
              2          -13.7      15.802303   0.0056289641    0.024468287  0.00014142687
              2          -13.6      15.699741   0.0056673671       0.023131  0.00013886243
              2          -13.5      15.609032   0.0054552373    0.021023122  0.00014468371
              2          -13.4      15.535119   0.0054262883    0.024448714  0.00013083932
              2          -13.3      15.389346   0.0052873628    0.023761966  0.00013248081
              2          -13.2      15.323817   0.0050628026    0.019130772  0.00013696767
              2          -13.1      15.203166   0.0049185287    0.025532556  0.00012588528
              2            -13      15.152834   0.0045867086    0.021159643  0.00018349832
              2          -12.9      14.990111    0.004364089    0.024359256  0.00014104894
              2          -12.8      14.909457   0.0043523048    0.020881462  0.00012756493
              2          -12.7      14.803194   0.0042463031     0.02618912  0.00012953448
              2          -12.6      14.725303   0.0039798582    0.023815876   0.0001157034
              2          -12.5      14.640542   0.0040582391    0.027091569  0.00011805874
              2          -12.4      14.519655   0.0037822409    0.021841893  0.00011486418
              2          -12.3      14.428863   0.0036806728     0.02159073  0.00013401864
              2          -12.2      14.295687   0.0038200814    0.022525979  8.6163843e-05
              2          -12.1      14.220303   0.0033998836    0.022320761   0.0001101173
              2            -12      14.135049   0.0033349351    0.023196529  0.00011035003
              2          -11.9      13.974859   0.0032527759    0.024066012  9.6307903e-05
              2          -11.8      13.900228   0.0030641442    0.034723828  9.0188378e-05
              2          -11.7      13.755545    0.002912423    0.026929786  9.0680621e-05
              2          -11.6       13.67418   0.0029354112    0.023618079  7.4968207e-05
              2          -11.5      13.508918   0.0027832146     0.02180384  8.2362306e-05
              2          -11.4      13.472702   0.0026459272     0.02285502  9.4786339e-05
              2          -11.3        13.3251   0.0025229312    0.027077315  0.00010528563
              2          -11.2      13.267106   0.0025677439    0.024857597  8.1514139e-05
              2          -11.1      13.152537   0.0023029546    0.030489991  0.00010506669
              2            -11      13.019221   0.0023258038    0.025812968  7.2863365e-05
              2          -10.9      12.888621   0.0022788482    0.025540947   9.731964e-05
              2          -10.8      12.823412    0.002313629    0.031497815  6.6059912e-05
              2          -10.7      12.677078   0.0021587822    0.025514468  6.6920686e-05
              2          -10.6      12.508682   0.0019369717    0.036954704  7.4397294e-05
              2          -10.5      12.455985   0.0020939808    0.031425529  7.6465455e-05
              2          -10.4      12.287135   0.0019394337    0.029994948  8.4927768e-05
              2          -10.3      12.177642   0.0018029315    0.024130005  8.7229862e-05
              2          -10.2      12.127203   0.0017040959    0.026106859  8.0270977e-05
              2          -10.1      11.953553   0.0018325525     0.03181206  6.6415311e-05
              2            -10       11.78448   0.0015896169    0.027612111  8.9021086e-05
              2           -9.9      11.717766    0.001624601    0.032730268   6.529304e-05
              2           -9.8      11.559124   0.0015144575    0.031120699  8.0955706e-05
              2           -9.7      11.479959   0.0014515494     0.03181886  7.3928652e-05
              2           -9.6      11.366353    0.001331479    0.034330577  8.2073608e-05
              2           -9.5      11.226058   0.0014426146    0.037776549  7.9887798e-05
              2           -9.4      11.068521     0.00147691    0.031344691  6.3826566e-05
              2           -9.3       10.93128   0.0012695249    0.031493999  6.6720824e-05
              2           -9.2       10.83242   0.0012315563    0.038467205  6.9901686e-05
              2           -9.1      10.596597    0.001278017     0.03808473  7.0124907e-05
              2             -9      10.543777   0.0010153793    0.042765624   7.385934e-05
              2           -8.9      10.394016   0.0012209387    0.041864327  6.8827655e-05
              2           -8.8      10.316541   0.0011246494     0.03683457  7.6553755e-05
              2           -8.7      10.215157   0.0011145339    0.034442364  6.5664537e-05
              2           -8.6      10.021107   0.0011500644    0.037330391  6.3158906e-05
              2           -8.5      9.8994739   0.0010766227    0.038647757  4.8870342e-05
              2           -8.4      9.7437564   0.0010141987      0.0366309   6.166279e-05
              2           -8.3      9.5707594   0.0010811778    0.052451517  6.4258601e-05
              2           -8.2      9.4645307   0.0010130035     0.03995731  6.7103161e-05
              2           -8.1      9.3177906  0.00075220948    0.039337172  8.4445382e-05
              2             -8       9.197397  0.00096491616    0.041297097  5.4729442e-05
              2           -7.9      9.0209866  0.00092375043    0.036666857  7.1629366e-05
              2           -7.8      8.9904987  0.00091247741     0.02753889  6.6258595e-05
              2           -7.7      8.8128452  0.00088011849    0.035869409  5.5732973e-05
              2           -7.6      8.6606247  0.00090469644    0.037491479  6.7155543e-05
              2           -7.5      8.6383349  0.00090710471    0.040086593  6.6168857e-05
              2           -7.4      8.4682734  0.00087731429    0.036126809  5.6503179e-05
              2           -7.3      8.4216073  0.00076900823    0.034132178  7.6102373e-05
              2           -7.2      8.2615254  0.00085421087    0.035921577  4.8311407e-05
              2           -7.1      8.2072335  0.00088531658    0.030260484  5.0554353e-05
              2             -7      8.0500893  0.00084322897    0.036453246  5.9964247e-05
              2           -6.9      8.0107108  0.00090673924    0.026584959  6.0395068e-05
              2           -6.8      7.9196593  0.00080228291    0.032608296  7.1630565e-05
              2           -6.7      7.8635908  0.00090153221    0.029814926   5.171887e-05
              2           -6.6      7.7084156  0.00098821426    0.034726267   4.540176e-05
              2           -6.5      7.6908172  0.00077783646     0.02514256  5.7341802e-05
              2           -6.4      7.6407846   0.0009190112    0.030330194  5.8115182e-05
              2           -6.3      7.6184728  0.00081835529    0.022974712  5.9571935e-05
              2           -6.2      7.4809305  0.00098230882    0.026959414  5.0965763e-05
              2           -6.1      7.4446918  0.00097262606    0.030665266  5.7897621e-05
              2             -6       7.455399  0.00093416648    0.030905133    5.45804e-05
              2           -5.9      7.3754569  0.00095478021    0.032754996  4.8018459e-05
              2           -5.8      7.3450975  0.00088740292    0.031652552  5.9948536e-05
              2           -5.7      7.1745795   0.0010015465    0.031483771  7.1122517e-05
              2           -5.6      7.1322115   0.0010566973    0.028023845  5.9164084e-05
              2           -5.5      7.0434572   0.0011854912    0.037218968  5.1975743e-05
              2           -5.4      6.9928937   0.0011058006    0.033845342   4.867624e-05
              2           -5.3      6.9278233   0.0011000092    0.040722115  5.3933728e-05
              2           -5.2      6.8772625   0.0012595088     0.03075914  4.0942356e-05
              2           -5.1        6.90977   0.0011804674    0.036309258  4.4963982e-05
              2             -5      6.7881983   0.0012228192    0.043463906  5.1697011e-05
              2           -4.9      6.7073469   0.0012608379    0.034704265  4.4805686e-05
              2           -4.8      6.5514061   0.0013531724    0.045042908   4.397085e-05
              2           -4.7      6.6160305   0.0012081525     0.03828541  6.0782806e-05
              2           -4.6      6.4874739   0.0013578791    0.032598765  4.1207619e-05
              2           -4.5      6.3911357   0.0013642354    0.038986236  4.2776724e-05
              2           -4.4      6.2942463   0.0014177742    0.042668883  4.0229678e-05
              2           -4.3      6.2610008     0.00133662    0.045189005  4.2467057e-05
              2           -4.2      6.1767071   0.0014849519    0.034013578  3.8296134e-05
              2           -4.1       6.117608   0.0014963966    0.043001049  4.4878515e-05
              2             -4      5.9914257   0.0014858412    0.037233683  4.0168067e-05
              2           -3.9      5.9608636   0.0015655455      0.0333502  3.9606659e-05
              2           -3.8      5.8724981   0.0014795218    0.030449549  4.7029375e-05
              2           -3.7      5.7464509   0.0016078549    0.038958472  4.0002996e-05
              2           -3.6      5.6869357   0.0016197628    0.035169396  2.9440846e-05
              2           -3.5      5.5842078    0.001641532    0.037632215  3.5933679e-05
              2           -3.4      5.5258789   0.0016355411    0.039508911  3.7479891e-05
              2           -3.3      5.3770867   0.0016981518    0.035168448  3.3828596e-05
              2           -3.2      5.3272684   0.0017212297    0.032869447  2.9734073e-05
              2           -3.1      5.3445468   0.0016583674    0.027578618  3.6719677e-05
              2             -3      5.2488936   0.0017280433    0.041203928  3.9001381e-05
              2           -2.9      5.1886171   0.0017377807    0.038539377  3.0086794e-05
              2           -2.8        5.12193   0.0017496834    0.029699591  3.2460609e-05
              2           -2.7      4.9989055   0.0016635233    0.030714243  3.8761812e-05
              2           -2.6      4.9922284   0.0017936114     0.03013175  3.2082066e-05
              2           -2.5      4.8413225   0.0017613739    0.023149138  4.2765611e-05
              2           -2.4       4.830076   0.0018348043    0.028391799  3.5065548e-05
              2           -2.3      4.7781118   0.0017142553     0.02376679  3.8850392e-05
              2           -2.2      4.7479836   0.0018779544    0.026159034  2.8647238e-05
              2           -2.1      4.6377425   0.0017140995    0.019187333  3.9121601e-05
              2             -2      4.6639556   0.0018702248    0.019461967  3.6869572e-05
              2           -1.9      4.6169751   0.0018428074    0.017712335  3.7861679e-05
              2           -1.8      4.6204148   0.0018083569     0.01648676  3.4333604e-05
              2           -1.7      4.5837078   0.0018137484    0.013325403  3.5172803e-05
              2           -1.6      4.5482246   0.0017513711     0.01305587  3.6107103e-05
              2           -1.5      4.4967469   0.0018125699      0.0115026  3.6759022e-05
              2           -1.4       4.461941    0.001679393   0.0094394126  3.0361637e-05
              2           -1.3      4.4377029   0.0019041428   0.0072081088  3.2101015e-05
              2           -1.2      4.4561341   0.0018806439   0.0093350428  3.1285757e-05
              2           -1.1      4.4326109   0.0017161344   0.0065398013  4.1219792e-05
              2             -1      4.4254241   0.0019644461   0.0059260094  2.7616964e-05
              2           -0.9      4.4086495   0.0020431424   0.0073852464  2.9419005e-05
              2           -0.8      4.3787902   0.0019198633   0.0044093507  2.7216034e-05
              2           -0.7      4.3947022   0.0018004616    0.005826322   4.467224e-05
              2           -0.6      4.3678506   0.0016679111   0.0034467422  4.7375215e-05
              2           -0.5      4.3705689    0.001578283   0.0044447892  2.5534455e-05
              2           -0.4      4.3667145    0.001874018   0.0046234767  3.1886839e-05
              2           -0.3      4.3674939   0.0019683628   0.0037309061  3.1716026e-05
              2           -0.2      4.3485212   0.0019832705   0.0022176424  2.2558288e-05
              2           -0.1      4.3526771   0.0017827911   0.0029587601  2.8979723e-05
              2  2.1316282e-14      4.3385773   0.0014840212   0.0021081315  4.0454264e-05
              2            0.1      4.3406321   0.0016999084   0.0024331025  3.1769518e-05
              2            0.2      4.3443939   0.0019472317   0.0019172358  3.2093408e-05
              2            0.3       4.340577   0.0018359505   0.0018537855  2.5503413e-05
              2            0.4      4.3348565   0.0018227528   0.0016060987  3.6928714e-05
              2            0.5      4.3293809   0.0018759439   0.0010312207  2.3910314e-05
              2            0.6      4.3256779   0.0016557036  0.00065903015  2.7820562e-05
              2            0.7      4.3326735   0.0018821488   0.0014657087   3.696208e-05
              2            0.8      4.3238558   0.0018595795  0.00071487686  1.8245762e-05
              2            0.9      4.3281646    0.001914487   0.0013367732  1.8749876e-05
              2              1      4.3254663   0.0019894835  0.00073232308  3.2587034e-05
              2            1.1      4.3211594   0.0017437382  0.00054536445  1.5878256e-05
              2            1.2      4.3198805   0.0016879203  0.00055659574  2.9485207e-05
              2            1.3      4.3199617   0.0017627015  0.00052000595  2.0691543e-05
              2            1.4      4.3190025   0.0017115244  0.00036303424  2.0790399e-05
              2            1.5      4.3212809   0.0018336982  0.00029396585  3.5216278e-05
