              1            -32      29.610951     0.32832774    0.040228449   0.0028669274
              1          -31.9      29.517372      0.3257455    0.045685607   0.0026740358
              1          -31.8      29.614684     0.32936587    0.046097052    0.002711891
              1          -31.7      29.633279     0.33120745    0.037109584   0.0020616405
              1          -31.6      29.633481     0.32935313    0.038479736   0.0026542395
              1          -31.5      29.583393     0.32778108    0.051136461   0.0034497331
              1          -31.4      29.483949     0.32220041    0.045139261   0.0026025341
              1          -31.3      29.437511     0.31854887    0.035025189   0.0021006741
              1          -31.2      29.416748     0.31980913    0.039529643   0.0023322689
              1          -31.1      29.412915     0.31941212    0.046237424   0.0031075647
              1            -31      29.444456     0.32085119     0.03112413   0.0024677878
              1          -30.9      29.425527     0.32053353    0.045614182   0.0024838447
              1          -30.8      29.391788     0.31893775     0.03439557   0.0022510196
              1          -30.7      29.322474     0.31202969    0.036114349   0.0023806122
              1          -30.6      29.314698      0.3145032    0.036773459   0.0024851244
              1          -30.5      29.330119     0.31335775    0.036885179   0.0024441717
              1          -30.4      29.230987     0.30912341    0.034530271   0.0024292763
              1          -30.3      29.288128      0.3128297    0.030693077   0.0019853159
              1          -30.2      29.186221     0.30685777    0.033145195   0.0021882498
              1          -30.1       29.18282     0.30591075    0.039881049   0.0028308692
              1            -30      29.124868      0.3044823    0.037303578   0.0024559002
              1          -29.9      29.095833     0.30051287    0.032030964   0.0021511168
              1          -29.8      29.047397     0.29789305    0.037248882   0.0021293079
              1          -29.7      29.072862     0.29912516    0.036046438   0.0024176834
              1          -29.6      28.980645     0.29330503    0.034972302    0.002442291
              1          -29.5      28.919423     0.29125021    0.038779913   0.0028416986
              1          -29.4      28.852617     0.28975815    0.029336552   0.0019579236
              1          -29.3      28.779943     0.28171022    0.027188191   0.0022864461
              1          -29.2      28.775947     0.28566313      0.0271048   0.0018137606
              1          -29.1      28.773987      0.2846789    0.035102882   0.0025197279
              1            -29      28.631771     0.27575696    0.034820445   0.0023795178
              1          -28.9      28.598623     0.27354442    0.028054216   0.0018435455
              1          -28.8      28.592739      0.2721768    0.034342908   0.0022885408
              1          -28.7      28.510634     0.26768133    0.032364343   0.0020370927
              1          -28.6      28.428711     0.26314562    0.025563046   0.0017860062
              1          -28.5      28.344406     0.25808039    0.031700326   0.0021593873
              1          -28.4      28.314819     0.25693294    0.031070098    0.001963553
              1          -28.3      28.322581     0.25713299    0.027362211   0.0016743284
              1          -28.2      28.227823     0.25207495     0.03574831     0.00246627
              1          -28.1      28.174879     0.24913115    0.031619047   0.0018663355
              1            -28      28.164711     0.24906868    0.031392349   0.0019766405
              1          -27.9      28.008243     0.24017347    0.024769455   0.0017096324
              1          -27.8      28.021402      0.2409141     0.03210203   0.0022148624
              1          -27.7      27.917782      0.2354931    0.033387581   0.0019898355
              1          -27.6      27.843694     0.23157164    0.029416427   0.0017451973
              1          -27.5      27.686999     0.22320461    0.032742087   0.0020460096
              1          -27.4      27.684875     0.22270171    0.034741271   0.0018313735
              1          -27.3      27.588738     0.21772441    0.029233367   0.0018452747
              1          -27.2      27.550491      0.2167507    0.027778064   0.0017197079
              1          -27.1      27.431631     0.20940364    0.028155843   0.0016743429
              1            -27      27.431445     0.21075002    0.028338844   0.0013547004
              1          -26.9      27.336113     0.20602919    0.027805942   0.0015304075
              1          -26.8      27.303616     0.20455965    0.028384104   0.0015467533
              1          -26.7      27.175093     0.19656306    0.026562767   0.0014992931
              1          -26.6      27.092505     0.19285643    0.027785923   0.0014661329
              1          -26.5      27.027598     0.19029862     0.03056757   0.0016364817
              1          -26.4      26.973547     0.18741148    0.028123233    0.001535743
              1          -26.3      26.887921     0.18314876    0.031835991   0.0015887138
              1          -26.2      26.811891     0.18024601    0.034507557   0.0014830711
              1          -26.1      26.766866     0.17815523    0.033173999   0.0016473631
              1            -26      26.622508      0.1719898    0.025440812   0.0013348832
              1          -25.9      26.625262     0.17141229    0.030714368   0.0014430446
              1          -25.8      26.481384     0.16579978    0.031910411   0.0013679626
              1          -25.7      26.466735     0.16507579    0.028196506    0.001303207
              1          -25.6      26.333216     0.15906252    0.037022083    0.001690085
              1          -25.5      26.250489     0.15490439    0.026515673   0.0010322105
              1          -25.4      26.164367     0.15125459    0.035093417   0.0012761802
              1          -25.3      26.092623     0.14926269    0.033263625    0.001333694
              1          -25.2      26.026118     0.14700485    0.037039467    0.001400053
              1          -25.1      25.961455     0.14422146    0.029068256    0.001081356
              1            -25      25.890738     0.14175376    0.031366687   0.0012586562
              1          -24.9      25.737912     0.13725501    0.032067146   0.0012923245
              1          -24.8      25.716744     0.13589671     0.03004353   0.0011585762
              1          -24.7      25.625935     0.13094371    0.031876972   0.0012256341
              1          -24.6      25.550018     0.12934035    0.036979644   0.0011166211
              1          -24.5      25.370481     0.12339917    0.030719553  0.00097664069
              1          -24.4      25.366603     0.12339073    0.031835512   0.0010469966
              1          -24.3      25.329533     0.12169028    0.027597283  0.00083445451
              1          -24.2      25.191292     0.11798906    0.028399414  0.00094704001
              1          -24.1      25.122229     0.11480586    0.027488768   0.0010365499
              1            -24      25.008052     0.11217126    0.040590878   0.0011303359
              1          -23.9      24.926587     0.10880267    0.032944156    0.001064397
              1          -23.8      24.891911     0.10845515     0.02721516  0.00090881263
              1          -23.7      24.773415     0.10504805    0.028602545   0.0009921926
              1          -23.6      24.657668     0.10264383    0.027186555  0.00083297048
              1          -23.5      24.582828    0.098775158    0.033926987   0.0010177673
              1          -23.4      24.539422    0.098871451    0.028625582  0.00085634948
              1          -23.3      24.476066    0.096985021    0.027841508  0.00079062964
              1          -23.2      24.315849    0.093253944    0.030744335  0.00083489695
              1          -23.1        24.2033    0.090187004     0.03244187  0.00081237349
              1            -23      24.191705    0.089660737     0.02557385  0.00076740862
              1          -22.9       24.06591     0.08644347     0.03013582  0.00085711539
              1          -22.8      23.983011    0.085072766    0.030989377  0.00072975583
              1          -22.7      23.900491    0.082530388    0.036547685   0.0008395212
              1          -22.6      23.832741    0.081175002    0.032578974  0.00083918206
              1          -22.5      23.758274    0.079593403    0.022882186  0.00052865957
              1          -22.4      23.649781    0.077131969    0.032377492  0.00073997708
              1          -22.3      23.526481    0.074599886    0.031226585  0.00080751832
              1          -22.2       23.45626    0.072925803    0.034991718  0.00064892533
              1          -22.1      23.410043    0.072419192    0.036194118   0.0006978736
              1            -22      23.238673    0.068420505    0.031410157  0.00058056989
              1          -21.9      23.188296    0.067281769    0.041405205  0.00072644146
              1          -21.8      23.070916    0.065754999    0.031607618  0.00066442697
              1          -21.7      22.983346    0.064287035     0.02756329  0.00049827083
              1          -21.6      22.912111     0.06298347    0.034004094  0.00070990719
              1          -21.5      22.809081    0.060164473    0.037149524  0.00056147405
              1          -21.4       22.72603    0.059927336    0.030377462  0.00049980267
              1          -21.3      22.627432    0.057901113    0.032761546  0.00053900767
              1          -21.2      22.542231    0.056780654    0.030281265  0.00051025881
              1          -21.1      22.490534    0.054975976    0.031307613  0.00047315479
              1            -21      22.434494    0.054969171    0.035659274   0.0004761506
              1          -20.9      22.255258    0.051984464    0.031547143  0.00050040919
              1          -20.8      22.216769    0.051615007    0.032142593  0.00055199417
              1          -20.7      22.100124    0.048957425    0.034072881  0.00042674779
              1          -20.6       22.01001    0.048659512    0.031304442    0.000469848
              1          -20.5       21.93269    0.047078025    0.038392944  0.00051127761
              1          -20.4      21.878005     0.04609755    0.040707927  0.00050211499
              1          -20.3       21.79111    0.045319672    0.033450347  0.00047553937
              1          -20.2      21.688964    0.044580092    0.036491661  0.00042789958
              1          -20.1      21.532732    0.042341743    0.037429761  0.00045061623
              1            -20      21.489005    0.041481154    0.033799848   0.0004150415
              1          -19.9      21.348209    0.040108334    0.027719035  0.00043083716
              1          -19.8      21.283007    0.039093269    0.036596437   0.0004119616
              1          -19.7      21.206308    0.038683493    0.033047635  0.00035102351
              1          -19.6      21.106106    0.037220183    0.030038687  0.00030944079
              1          -19.5      20.963227    0.035711471    0.028360582  0.00035270453
              1          -19.4      20.947743    0.036103461    0.033274417  0.00036072682
              1          -19.3      20.831101    0.034191042    0.037478602  0.00030940407
              1          -19.2      20.731976    0.033819272    0.037191623   0.0003646662
              1          -19.1      20.647463    0.032692301    0.033665698  0.00030312222
              1            -19      20.543103     0.03173593    0.037848595  0.00031392968
              1          -18.9      20.419638    0.030654792    0.032604721  0.00033731084
              1          -18.8      20.296997    0.029404752    0.037439152  0.00029005495
              1          -18.7      20.262058    0.029116848    0.027115699  0.00026044767
              1          -18.6      20.160807    0.028189884    0.030364597  0.00025883605
              1          -18.5      20.056877    0.027819453     0.03262012  0.00030202804
              1          -18.4      20.007934    0.027109487    0.034432908  0.00024381359
              1          -18.3      19.912327    0.026639558    0.034743159  0.00025319674
              1          -18.2      19.871608    0.025993817    0.038908925  0.00028052574
              1          -18.1      19.709808    0.024955908    0.034646872  0.00026961369
              1            -18      19.662016    0.024752095    0.032947579  0.00021882357
              1          -17.9      19.536245    0.023723982    0.036596883  0.00025891696
              1          -17.8      19.372349    0.022767916    0.036033399  0.00023700764
              1          -17.7      19.320797    0.022390943    0.038469327  0.00021062522
              1          -17.6      19.276566    0.021905342    0.035828371  0.00018760046
              1          -17.5      19.195664    0.021432045    0.037281068  0.00022224997
              1          -17.4       19.08517    0.020697279    0.035498461  0.00024480827
              1          -17.3      18.964612    0.020186301    0.039368192   0.0002525154
              1          -17.2      18.842902      0.0192479    0.037781316  0.00020822706
              1          -17.1      18.730267    0.018697417    0.032728391  0.00016844942
              1            -17      18.683807    0.018738285    0.035722436  0.00022970847
              1          -16.9      18.551579    0.017867745    0.031474651  0.00018711693
              1          -16.8       18.56464    0.017787071    0.040671188   0.0001973363
              1          -16.7      18.408603    0.017255933    0.035389902  0.00019997892
              1          -16.6      18.310034    0.016714708    0.033799499   0.0001680264
              1          -16.5      18.224397    0.016113139    0.029286287  0.00017888955
              1          -16.4      18.108828     0.01565449    0.038630617  0.00016924905
              1          -16.3      18.012339    0.015290326    0.038267682  0.00015553059
              1          -16.2      17.915354    0.014894035    0.021846773  0.00012666073
              1          -16.1      17.792296    0.014421703     0.03555135  0.00012478616
              1            -16       17.79038    0.014409432    0.038407934  0.00015880772
              1          -15.9      17.587506    0.013611004     0.03096751  0.00014221249
              1          -15.8       17.53728    0.013248266    0.030742332   0.0001410803
              1          -15.7       17.45879    0.012847462    0.039121757  0.00014535641
              1          -15.6      17.329771    0.012658097    0.040147873  0.00016137001
              1          -15.5      17.252973    0.012081273    0.035517142   0.0001524003
              1          -15.4      17.167853    0.011884998     0.03482402  0.00010774442
              1          -15.3      17.062084    0.011609359    0.034778452  0.00011838452
              1          -15.2      17.001259    0.011220626    0.030254358  0.00012392735
              1          -15.1      16.860835    0.011045077    0.037110587  0.00011601968
              1            -15      16.816042    0.010845701    0.035802211  8.5710646e-05
              1          -14.9      16.693894    0.010351454    0.036991291  0.00011837977
              1          -14.8      16.601108     0.00999615    0.040840238  0.00012089226
              1          -14.7      16.478064   0.0098450692    0.034062633  0.00010876561
              1          -14.6      16.406095   0.0097473863    0.035915891  0.00012424483
              1          -14.5      16.319834   0.0092612181     0.03993945  8.3744952e-05
              1          -14.4      16.240969   0.0091720455    0.034950037  8.8573904e-05
              1          -14.3       16.10236   0.0089364953    0.030472981  8.0026004e-05
              1          -14.2      16.015515   0.0086752487    0.037212475  8.9636774e-05
              1          -14.1      15.931166   0.0085086979    0.039974362  0.00010884716
              1            -14      15.805021   0.0081168873    0.029813557  7.4304244e-05
              1          -13.9      15.749094   0.0080464147    0.029472922  8.0887511e-05
              1          -13.8      15.594679   0.0077018215    0.038759531  8.1218787e-05
              1          -13.7      15.531807   0.0076136037    0.032529976  6.7990401e-05
              1          -13.6        15.3878   0.0074008283    0.035516759  7.5924877e-05
              1          -13.5      15.214009   0.0070414748     0.03900263  9.2216027e-05
              1          -13.4      15.104495   0.0068577162    0.036458524  6.1301044e-05
              1          -13.3      15.029701   0.0068234465    0.038741486  8.0062834e-05
              1          -13.2      14.959973   0.0065502696     0.03408944  7.8784104e-05
              1          -13.1      14.908236    0.006417576    0.034515504   6.681947e-05
              1            -13      14.817626   0.0063108194    0.039133303  7.1461878e-05
              1          -12.9       14.62664   0.0060763083    0.035408239  6.2049502e-05
              1          -12.8      14.545927   0.0060439106    0.039680391   6.660947e-05
              1          -12.7      14.471234   0.0058689859    0.047280965  6.5700574e-05
              1          -12.6      14.338566   0.0057028427    0.048443232  6.1781788e-05
              1          -12.5      14.272984   0.0055232409    0.037625318  4.9844887e-05
              1          -12.4      14.119422    0.005348938    0.040518945  6.1118145e-05
              1          -12.3      14.052529   0.0053318065    0.051556702  6.1611309e-05
              1          -12.2      13.991838   0.0051511326     0.04028297  4.4914407e-05
              1          -12.1      13.896602   0.0049846837    0.042305454  5.1625519e-05
              1            -12       13.70233   0.0048625577     0.03809572  5.5244635e-05
              1          -11.9      13.573393   0.0047814266    0.036572025  5.0451836e-05
              1          -11.8      13.478905   0.0046192301    0.037930329   4.961674e-05
              1          -11.7      13.409072   0.0046060225     0.04609949  4.3239505e-05
              1          -11.6      13.200204   0.0043765486    0.047877444  4.2980014e-05
              1          -11.5      13.215204   0.0044004231     0.02805535  3.7599035e-05
              1          -11.4      13.054035   0.0042216472    0.047591189  4.8390369e-05
              1          -11.3      12.884703   0.0041430797    0.041559141  4.3640842e-05
              1          -11.2      12.706704   0.0040440281    0.048524997  4.6836924e-05
              1          -11.1      12.667803    0.003993659    0.049015517  4.4625843e-05
              1            -11      12.630366   0.0039206378    0.042631775  4.3252116e-05
              1          -10.9      12.478757   0.0037293456    0.036263235    3.94394e-05
              1          -10.8      12.299929   0.0037301538    0.051615216  4.5923103e-05
              1          -10.7      12.174951   0.0036289326    0.050862903  3.4765666e-05
              1          -10.6      11.969831   0.0035357492    0.057574447  2.7765589e-05
              1          -10.5      12.114483   0.0035246335    0.050671129  2.9771048e-05
              1          -10.4      11.937629   0.0034442251    0.056039285  3.4834455e-05
              1          -10.3        11.7811   0.0033643817    0.048733199  3.9751358e-05
              1          -10.2      11.640556   0.0033245483    0.050159554  2.9494119e-05
              1          -10.1      11.585552   0.0031889733    0.046631462  3.2184385e-05
              1            -10      11.415553   0.0032597089    0.052350989  2.8156626e-05
              1           -9.9      11.260912   0.0031354249    0.053771582  2.8157014e-05
              1           -9.8      11.188758   0.0030975763    0.052038182  2.8093611e-05
              1           -9.7      11.096886   0.0030296237    0.051771979  2.9050707e-05
              1           -9.6      10.989087   0.0030571495    0.054386828  2.6670599e-05
              1           -9.5      10.822884   0.0030240999    0.054919411  3.7855369e-05
              1           -9.4        10.7096   0.0029323218    0.054022565  2.3849248e-05
              1           -9.3      10.529855    0.002904703    0.061595333  3.0601249e-05
              1           -9.2      10.450067   0.0028952311    0.055931398  2.2136794e-05
              1           -9.1      10.397437    0.002817899    0.048387057  2.3609959e-05
              1             -9      10.295501   0.0027643708    0.056377138  2.6434747e-05
              1           -8.9      10.108858   0.0027631868    0.047009533  2.0722105e-05
              1           -8.8      10.079445   0.0027629336    0.049489942  2.5183325e-05
              1           -8.7      10.040276   0.0027101384    0.052027447  2.2624398e-05
              1           -8.6      9.8796282   0.0026706287     0.05896945  2.5307838e-05
              1           -8.5      9.7373805   0.0026696519    0.065539319   2.533172e-05
              1           -8.4       9.612856   0.0026839465     0.05012155  2.1348531e-05
              1           -8.3      9.4576044   0.0026617578    0.062724536  2.1249846e-05
              1           -8.2      9.2873918   0.0026264713    0.060454839   2.073542e-05
              1           -8.1      9.3131128   0.0026540615    0.051237188  2.4296779e-05
              1             -8      9.2639818   0.0025675767    0.058340349  2.3276509e-05
              1           -7.9       9.065852   0.0025478895    0.057403151  2.3867654e-05
              1           -7.8      9.0108761   0.0025492907     0.06518223  3.4283642e-05
              1           -7.7       8.927819   0.0025215469    0.050575185  2.7531434e-05
              1           -7.6      8.7053985   0.0025250759     0.06426623  2.2844739e-05
              1           -7.5      8.6205444    0.002458052    0.052014215  3.2569817e-05
              1           -7.4      8.4942561   0.0024869062    0.066906423  2.9330235e-05
              1           -7.3      8.3400773   0.0024959875     0.05065154  2.7057051e-05
              1           -7.2      8.2537826   0.0024095673    0.064238114  3.3290713e-05
              1           -7.1      8.0120281   0.0024637136    0.051782178   2.742175e-05
              1             -7      8.0520198   0.0024687931    0.065992709  2.5756311e-05
              1           -6.9      7.8466698   0.0024392768    0.060693417  3.4575577e-05
              1           -6.8      7.7956489   0.0023985069    0.068168967  3.1491859e-05
              1           -6.7      7.6553405   0.0024078529    0.060900576  2.8960941e-05
              1           -6.6      7.4743397    0.002329453     0.05957592  3.0227667e-05
              1           -6.5      7.4069832   0.0023103424    0.067178849  3.1405442e-05
              1           -6.4      7.2532668    0.002314359    0.060113081  3.2912449e-05
              1           -6.3      7.0322229   0.0023453693    0.061879703  2.9346224e-05
              1           -6.2      6.9818908   0.0023184286    0.059778902  3.5226403e-05
              1           -6.1      6.8767391   0.0022897066    0.055307189  3.0084178e-05
              1             -6       6.875014   0.0023574786    0.060178202  3.1218917e-05
              1           -5.9      6.5706131   0.0022814446    0.055102439  3.9257208e-05
              1           -5.8      6.5457362   0.0022525346    0.057115996  3.9708567e-05
              1           -5.7      6.4260354   0.0023155364    0.052109543  3.8453356e-05
              1           -5.6      6.3213395   0.0022904108    0.047436927  4.0432161e-05
              1           -5.5      6.2103806   0.0022415161    0.046185697  4.4140672e-05
              1           -5.4      6.0670349    0.002317748    0.044791488    3.56698e-05
              1           -5.3      6.1398647   0.0022492306    0.052299091  4.7049145e-05
              1           -5.2      6.0028102   0.0022850108    0.050868094  3.3727273e-05
              1           -5.1      5.9694403   0.0022027289    0.033371879  4.3011698e-05
              1             -5      5.8887238   0.0022798961    0.040120835  3.7384748e-05
              1           -4.9      5.6871161   0.0022264837    0.030184829  3.8095975e-05
              1           -4.8      5.6713338   0.0021714641    0.035620736  3.5880277e-05
              1           -4.7      5.6548343   0.0022727681    0.032354025  4.3740541e-05
              1           -4.6      5.5856874   0.0022677875    0.035691758  3.4114213e-05
              1           -4.5      5.5394296   0.0022893077     0.02747746  3.4175856e-05
              1           -4.4        5.43152   0.0023241726    0.034408331  3.0848008e-05
              1           -4.3      5.3579986   0.0022783488    0.025530868   4.244226e-05
              1           -4.2      5.3615664   0.0021992334    0.033713503  3.7587656e-05
              1           -4.1        5.31087   0.0022845452    0.023842024  3.5457515e-05
              1             -4      5.2738873   0.0022681717    0.024102352  3.4395403e-05
              1           -3.9      5.2883616   0.0022881535     0.03288564   3.807632e-05
              1           -3.8      5.1755727   0.0022943468    0.021351659   4.560426e-05
              1           -3.7      5.1767246   0.0023065013    0.023699537  3.5764221e-05
              1           -3.6      5.0994349   0.0022517197    0.023191772   3.891104e-05
              1           -3.5      5.1329546   0.0022768232    0.028978128  3.0742417e-05
              1           -3.4      5.1066811    0.002323885    0.019527441  3.5899174e-05
              1           -3.3      5.0382036   0.0023122524    0.021066449  3.2111243e-05
              1           -3.2      5.0302665   0.0023472049    0.021658794  4.2623344e-05
              1           -3.1      4.9991992   0.0022941309    0.017642372  3.6960704e-05
              1             -3      4.9660012   0.0022960586    0.014983603  3.0725281e-05
              1           -2.9      4.9387127   0.0022908103    0.012963942  3.2716527e-05
              1           -2.8      4.9219682   0.0022868659    0.019770647  3.4328043e-05
              1           -2.7      4.8916415   0.0023363243    0.015635379  2.8312012e-05
              1           -2.6      4.8577975   0.0022105538    0.015839768  4.5391619e-05
              1           -2.5      4.8219186   0.0023309794     0.01274669  3.2339557e-05
              1           -2.4      4.8120696   0.0024111925    0.012840046  3.2751898e-05
              1           -2.3      4.7876523   0.0024071664    0.012331085  3.8369953e-05
              1           -2.2       4.760034   0.0022347728    0.014187737  4.2562508e-05
              1           -2.1      4.7837242   0.0023825775    0.015089885  2.3824648e-05
              1             -2      4.7024867   0.0023076647    0.014012585  3.1306617e-05
              1           -1.9       4.705661   0.0023491425    0.013241394  2.7258139e-05
              1           -1.8      4.7196468   0.0023018219    0.011826437  2.9263001e-05
              1           -1.7      4.7284113   0.0019520232    0.011169507  3.4280114e-05
              1           -1.6      4.6896948   0.0024671319    0.012776437  1.8249666e-05
              1           -1.5      4.6791265   0.0021504684    0.012692933  3.8651478e-05
              1           -1.4       4.628234   0.0023687634    0.008697124  2.3427854e-05
              1           -1.3       4.635784   0.0023767836   0.0079071572   1.949092e-05
              1           -1.2      4.5980332    0.002346337    0.008086052  3.9785739e-05
              1           -1.1       4.580374   0.0024337007    0.007346973  2.5303167e-05
              1             -1      4.5261176   0.0023651775    0.007406884   2.407556e-05
              1           -0.9      4.5339511   0.0023975421   0.0079607968  2.8565144e-05
              1           -0.8      4.4724347   0.0023364194   0.0059865395  2.1309801e-05
              1           -0.7      4.4922263   0.0023258664   0.0064476794  2.3864003e-05
              1           -0.6      4.5157859   0.0023911762   0.0065150563  1.5703462e-05
              1           -0.5      4.5005448   0.0022528627   0.0070279209  2.3122026e-05
              1           -0.4       4.491824   0.0024038618   0.0065410971  1.8600332e-05
              1           -0.3      4.4378081   0.0024428686   0.0048478996   1.969128e-05
              1           -0.2      4.4606836    0.002389401   0.0038793088    2.34528e-05
              1           -0.1      4.4427706   0.0023567245   0.0058035064   2.227306e-05
              1  2.1316282e-14      4.4379457    0.002194107   0.0038264718  2.6752195e-05
              1            0.1      4.4511451   0.0024302254   0.0042127774  1.4136386e-05
              1            0.2      4.4170514   0.0021560134   0.0033637584  2.8142339e-05
              1             -5      5.8093444   0.0022686493     0.03304151  3.3674143e-05
              1           -4.9      5.7674045   0.0023149784    0.029454366  3.4618056e-05
              1           -4.8      5.7532561   0.0022144096    0.032146369  3.6126702e-05
              1           -4.7       5.672757   0.0021697353    0.030310807  3.4935939e-05
              1           -4.6       5.570902   0.0022759711    0.022564674  3.3694121e-05
              1           -4.5      5.5346363    0.002268627    0.026868203  3.0759028e-05
              1           -4.4      5.4412132   0.0023080603    0.018402142  4.0615919e-05
              1           -4.3      5.4501105   0.0022659624    0.023008385  3.8469462e-05
              1           -4.2      5.3804219   0.0021574029    0.022908178  4.3297968e-05
              1           -4.1      5.3181773   0.0022195859    0.025818995  4.1909974e-05
              1             -4      5.2875375   0.0022743925    0.022037423  3.8224968e-05
              1           -3.9       5.261922    0.002267865    0.017560414  3.5127211e-05
              1           -3.8      5.2056841   0.0022924025    0.018109189  3.2866191e-05
              1           -3.7      5.1591047   0.0022002417     0.02097903  4.2244826e-05
              1           -3.6      5.1493117   0.0022486827    0.019346894  3.5095051e-05
              1           -3.5      5.0979953   0.0023130229    0.016565511  3.2561122e-05
              1           -3.4      5.0154575   0.0023300154     0.01395537  2.9560117e-05
              1           -3.3      5.0003725   0.0023028872    0.013630882  3.1381206e-05
              1           -3.2      4.9715339   0.0023509336    0.013802481  2.3903809e-05
              1           -3.1       4.978514   0.0023356435    0.019329402  2.9554576e-05
              1             -3      4.9413463    0.002280509    0.016080439  3.1357467e-05
              1           -2.9      4.9597228   0.0023382282    0.016400669  2.6913489e-05
              1           -2.8      4.9146905   0.0023843228    0.013198445  3.4003428e-05
              1           -2.7      4.8743744   0.0023777026    0.013008077  2.9970537e-05
              1           -2.6      4.8527456   0.0022581512    0.015080313  3.7960719e-05
              1           -2.5      4.8743785   0.0023283268    0.017089917  3.1667764e-05
              1           -2.4      4.7963516   0.0023902514    0.013744319  2.5783691e-05
              1           -2.3      4.8058864   0.0023100583    0.012839809  3.2834008e-05
              1           -2.2      4.7558561   0.0024042563    0.015214111  2.8153528e-05
              1           -2.1      4.7451482   0.0023174831     0.01263818  2.6328879e-05
              1             -2      4.7940683   0.0023495536    0.018728036  2.9421059e-05
              1           -1.9      4.7254234   0.0023403487    0.015789838  2.9140803e-05
              1           -1.8      4.6965235   0.0024102315    0.010015196  2.8433741e-05
              1           -1.7      4.7698436   0.0020264228    0.010308152  2.1346641e-05
              1           -1.6      4.6326207   0.0023448748    0.011624488  2.9264629e-05
              1           -1.5      4.6312869   0.0023636447     0.01071794   2.602871e-05
              1           -1.4      4.6410941   0.0022980636    0.009943863  2.8253727e-05
              1           -1.3      4.5651121   0.0022883982    0.009638187  3.7085078e-05
              1           -1.2       4.558634   0.0021695906   0.0092028613  2.7935972e-05
              1           -1.1      4.6118806   0.0024642022    0.010288642   2.881528e-05
              1             -1      4.5343784      0.0021984   0.0075000084  2.8433156e-05
              1           -0.9       4.551462   0.0021542981    0.012249646  3.0614337e-05
              1           -0.8      4.5083839   0.0020901341   0.0056571159  4.2185736e-05
              1           -0.7      4.5263122    0.002301108   0.0063543037  2.6702287e-05
              1           -0.6      4.4756116   0.0021470879   0.0060013348  4.1409939e-05
              1           -0.5      4.4472629   0.0023350036   0.0049318527  2.4067962e-05
              1           -0.4      4.4222926   0.0021184775   0.0052010975  2.2689806e-05
              1           -0.3      4.4349508   0.0023131385   0.0046774999  2.3133584e-05
              1           -0.2      4.4696541   0.0024321588   0.0043813507   1.264985e-05
              1           -0.1      4.4312832    0.002299562   0.0041927369  1.7753754e-05
              1  3.3306691e-15      4.4191202   0.0023795709   0.0038604899   1.721291e-05
              1            0.1      4.4006876   0.0022630336   0.0030540105  1.7125956e-05
              1            0.2      4.4103185   0.0020534583   0.0037323155  1.7427099e-05
              1            0.3      4.3741947   0.0018501527     0.00214043  1.6868652e-05
              1            0.4      4.3542489   0.0020125937   0.0019626648  1.9343426e-05
              1            0.5      4.3855746   0.0020728758   0.0021921507  2.8781272e-05
              1            0.6      4.3713434    0.002008605   0.0020351859  2.1223912e-05
              1            0.7      4.3684773   0.0018926239   0.0016588455  1.9592855e-05
              1            0.8      4.3616492   0.0017586324   0.0015051736  2.1838625e-05
              1            0.9      4.3674543   0.0017317394   0.0015447515  2.0999062e-05
              1              1      4.3580309   0.0022867363   0.0013887337  2.9476376e-05
              1            1.1      4.3669925   0.0021733334   0.0016673325  1.1075535e-05
              1            1.2       4.351461   0.0017831203   0.0011815788  2.0741941e-05
              1            1.3      4.3591489   0.0018991686   0.0010929728  1.2048992e-05
              1            1.4       4.348359   0.0019756539   0.0018796387  1.6055646e-05
              1            1.5      4.3334111   0.0017430004  0.00055961195  1.7692732e-05
              1            1.6      4.3357769   0.0021669697  0.00076687887  9.6342421e-06
              1            1.7      4.3362105   0.0019271568  0.00070543129  1.3938455e-05
              1            1.8      4.3335776   0.0019330346  0.00069975077  1.4672667e-05
              1            1.9      4.3380583   0.0023247058  0.00069167454  1.2221157e-05
              1              2      4.3340963   0.0019972806  0.00044753491  8.3483527e-06
              1            2.1      4.3301243   0.0013168357  0.00022143182  8.9469181e-06
              1            2.2       4.327851   0.0014581364  0.00032219941   7.127783e-06
              1            2.3      4.3282757   0.0015043503  0.00039515687  7.9574388e-06
              1            2.4      4.3299637   0.0015966205  0.00031943807  1.2838622e-05
              1            2.5      4.3253246   0.0015743549  0.00042490591  1.2553476e-05
              1            2.6       4.325448   0.0014071958  0.00023042094  1.0059455e-05
              1            2.7      4.3220055   0.0015828621  0.00019191002  1.0216612e-05
              1            2.8      4.3220437   0.0016339262  0.00021870798  6.9395054e-06
              1            2.9       4.319112   0.0013483904  0.00012902243  8.3662181e-06
              1              3      4.3194655   0.0010143554  0.00016293768  4.4317025e-06
              1            3.1      4.3185671   0.0010100328  0.00015557171  6.3384795e-06
              1            3.2      4.3193359   0.0010022877  0.00022647535  6.7264007e-06
              1            3.3      4.3212312  0.00095053445  0.00030608485  6.9228401e-06
              1            3.4      4.3190622   0.0010400307    0.000102252  5.9234534e-06
              1            3.5      4.3177331   0.0012320803  0.00014393075  5.2883781e-06
              1            3.6      4.3187016   0.0013520027  8.2128614e-05  4.3004874e-06
              1            3.7      4.3168062   0.0013697747  0.00015645323  4.0302126e-06
              1            3.8      4.3153259   0.0012444574  9.7171042e-05  5.5859202e-06
              1            3.9      4.3147525   0.0012035277  6.8989852e-05  4.5506674e-06
              1              4      4.3148201   0.0011640028  6.9115555e-05  7.1818997e-06
