              1       0.777642    0.000742577    0.000954908
              2       0.628397    0.000777357     0.00123705
              3       0.508876    0.000847791     0.00166601
              4       0.412981    0.000897794     0.00217394
              5       0.336606    0.000823829     0.00244746
              6       0.275404    0.000870871     0.00316216
              7       0.225822    0.000828611     0.00366932
              8       0.185618     0.00084929     0.00457546
              9       0.152925    0.000819796     0.00536077
             10        0.12653    0.000786112     0.00621285
             11       0.105381    0.000774681     0.00735123
             12      0.0879195    0.000724038     0.00823524
             13      0.0730999    0.000693763     0.00949061
             14      0.0613323    0.000671625      0.0109506
             15      0.0511839    0.000669539      0.0130811
             16      0.0440577    0.000702597      0.0159472
             17      0.0376728    0.000684727      0.0181756
             18       0.032618    0.000756469      0.0231918
             19      0.0273334    0.000730119      0.0267116
             20      0.0234117    0.000693291       0.029613
             21      0.0199894     0.00066052      0.0330436
             22      0.0172963    0.000627838      0.0362989
             23       0.015314    0.000612631      0.0400047
             24      0.0130051    0.000697376      0.0536233
             25      0.0111093    0.000612951      0.0551748
             26      0.0100902    0.000603598      0.0598201
             27     0.00885368    0.000601726      0.0679634
             28     0.00759025    0.000623311        0.08212
             29     0.00635263    0.000829287       0.130542
             30     0.00591109    0.000945729       0.159992
             31     0.00496453      0.0010213       0.205719
             32     0.00489518    0.000793357       0.162069
             33     0.00466767    0.000737112       0.157919
             34     0.00426434    0.000739065       0.173313
             35     0.00377418     0.00079293       0.210093
             36     0.00349147    0.000791733       0.226762
             37     0.00371155     0.00065295       0.175924
             38     0.00336567    0.000652767       0.193949
             39     0.00358504    0.000643343       0.179452
             40     0.00416113    0.000637458       0.153193
             41     0.00441003    0.000632779       0.143486
             42     0.00503467    0.000660998       0.131289
             43     0.00508133    0.000669507       0.131758
             44     0.00482057    0.000641416       0.133058
             45     0.00496593     0.00061891       0.124631
             46     0.00477167    0.000685296       0.143618
             47     0.00470155    0.000611931       0.130155
             48     0.00424848    0.000677258       0.159412
             49     0.00378195    0.000597447       0.157973
             50     0.00367242    0.000582966       0.158742
             51     0.00359258    0.000582482       0.162135
             52     0.00302801    0.000591261       0.195264
             53     0.00275658    0.000626609       0.227314
             54     0.00331629    0.000595149       0.179462
             55     0.00297363    0.000655499       0.220437
             56     0.00282287    0.000645948       0.228827
             57     0.00294719     0.00061686       0.209305
             58     0.00274827    0.000629389       0.229013
             59     0.00296454    0.000602394         0.2032
             60     0.00322212    0.000591481       0.183569
             61     0.00355653    0.000581607       0.163532
             62       0.003666    0.000585569        0.15973
             63     0.00361318    0.000570821       0.157983
             64     0.00390059    0.000568129       0.145652
             65     0.00370884    0.000605212       0.163181
             66     0.00440548    0.000633758       0.143857
             67     0.00471614    0.000612257       0.129821
             68     0.00556407     0.00063763       0.114598
             69      0.0064835    0.000626451      0.0966224
             70     0.00690808    0.000601262      0.0870375
             71     0.00829374     0.00060084       0.072445
             72     0.00893184    0.000624375      0.0699044
             73     0.00979461    0.000666973      0.0680959
             74      0.0115094    0.000664086      0.0576996
             75      0.0136371    0.000645504      0.0473345
             76      0.0157279    0.000638579      0.0406016
             77      0.0188307    0.000614709       0.032644
             78      0.0228477      0.0006546      0.0286506
             79      0.0276901    0.000651365      0.0235234
             80      0.0357152    0.000637651      0.0178538
