              1       0.499933    5.59153e-05    0.000111846
              2       0.499857    7.10534e-05    0.000142148
              3       0.499847    8.52666e-05    0.000170585
              4       0.499929    9.55832e-05    0.000191194
              5       0.499865    9.93057e-05    0.000198665
              6       0.499849    0.000105883     0.00021183
              7       0.499897    0.000110337     0.00022072
              8       0.499859    0.000114094    0.000228252
              9       0.499805    0.000119051    0.000238195
             10       0.499864    0.000120074    0.000240213
             11       0.499855    0.000124931    0.000249935
             12       0.499807    0.000127255    0.000254608
             13       0.499781    0.000126797    0.000253705
             14        0.49979    0.000129711    0.000259531
             15       0.499811    0.000131712    0.000263524
             16       0.499786     0.00012903    0.000258171
             17        0.49979    0.000128852    0.000257813
             18       0.499776    0.000131606    0.000263329
             19       0.499676    0.000136204    0.000272585
             20       0.499703    0.000135898    0.000271958
             21       0.499716    0.000139367    0.000278892
             22       0.499695    0.000137473    0.000275115
             23        0.49972     0.00013888    0.000277916
             24       0.499694    0.000135431    0.000271027
             25       0.499672    0.000136321     0.00027282
             26       0.499634    0.000135841    0.000271881
             27       0.499641    0.000138089    0.000276377
             28       0.499645    0.000138704    0.000277606
             29       0.499654    0.000140262    0.000280719
             30       0.499634    0.000140707    0.000281621
             31       0.499602    0.000139839      0.0002799
             32       0.499577      0.0001412    0.000282639
             33       0.499549    0.000143732    0.000287724
             34       0.499545    0.000143609     0.00028748
             35       0.499481    0.000144171    0.000288641
             36        0.49955    0.000147035    0.000294336
             37        0.49961     0.00014629    0.000292809
             38       0.499613    0.000146132     0.00029249
             39       0.499641     0.00014738    0.000294971
             40       0.499674    0.000148718     0.00029763
             41       0.499639    0.000146834     0.00029388
             42       0.499699    0.000149188    0.000298555
             43       0.499723    0.000147384    0.000294931
             44       0.499759    0.000146961    0.000294064
             45       0.499781    0.000147178    0.000294485
             46       0.499855    0.000152408    0.000304904
             47       0.499828      0.0001522    0.000304504
             48        0.49987    0.000152188    0.000304454
             49       0.499845    0.000150239    0.000300572
             50       0.499832    0.000150205    0.000300511
             51       0.499896    0.000151493    0.000303048
             52       0.499846    0.000152235    0.000304563
             53       0.499881    0.000146171    0.000292411
             54       0.499897    0.000147259    0.000294578
             55       0.499824    0.000149082    0.000298269
             56       0.499813    0.000143013    0.000286133
             57       0.499858    0.000144212    0.000288507
             58       0.499858    0.000142007    0.000284096
             59       0.499884    0.000144005    0.000288077
             60       0.499976    0.000143541    0.000287095
             61       0.500011    0.000139774    0.000279542
             62       0.499922    0.000140109    0.000280262
             63       0.499949    0.000139225    0.000278479
             64       0.499929    0.000137708    0.000275454
             65       0.499965     0.00013441    0.000268838
             66       0.499954    0.000132691    0.000265406
             67       0.499998    0.000125838    0.000251678
             68       0.499899    0.000121131    0.000242311
             69       0.499906     0.00011743    0.000234903
             70       0.499954    0.000116774     0.00023357
             71       0.499957    0.000113538    0.000227095
             72        0.49999    0.000115586    0.000231177
             73       0.500072    0.000113217    0.000226401
             74       0.500062    0.000106546    0.000213066
             75       0.500024    9.98061e-05    0.000199603
             76       0.500041    9.48673e-05    0.000189719
             77       0.500016    8.12738e-05    0.000162542
             78       0.500044    7.15522e-05    0.000143092
             79       0.500018    5.98505e-05    0.000119697
             80       0.499989    3.28072e-05    6.56157e-05
