              1            0.5      1.181e-09
              2            0.5      1.181e-09
              3            0.5      1.181e-09
              4            0.5    2.07936e-09
              5            0.5    2.07936e-09
              6            0.5    9.88092e-10
              7            0.5    2.66707e-09
              8            0.5    1.12039e-09
              9            0.5    1.12039e-09
             10            0.5    2.04555e-09
             11            0.5    2.04555e-09
             12            0.5    2.04555e-09
             13            0.5    2.64079e-09
             14            0.5    2.04555e-09
             15            0.5    2.64079e-09
             16            0.5    2.04555e-09
             17            0.5    2.64079e-09
             18            0.5    2.64079e-09
             19            0.5    2.64079e-09
             20            0.5    1.29372e-09
             21            0.5    1.05632e-09
             22            0.5    1.05632e-09
             23            0.5    1.05632e-09
             24            0.5    1.05632e-09
             25            0.5    5.28158e-10
             26            0.5    1.29372e-09
             27            0.5    1.29372e-09
             28            0.5    5.28158e-10
             29            0.5    1.05632e-09
             30            0.5    5.28158e-10
             31            0.5    1.29372e-09
             32            0.5           -nan
             33            0.5    1.29372e-09
             34            0.5           -nan
             35            0.5    5.28158e-10
             36            0.5           -nan
             37            0.5    5.28158e-10
             38            0.5    5.28158e-10
             39            0.5           -nan
             40            0.5           -nan
             41            0.5           -nan
             42            0.5    3.73464e-10
             43            0.5           -nan
             44            0.5           -nan
             45            0.5           -nan
             46            0.5           -nan
             47            0.5           -nan
             48            0.5              0
             49            0.5           -nan
             50            0.5    5.28158e-10
             51            0.5    5.28158e-10
             52            0.5    5.28158e-10
             53            0.5    5.28158e-10
             54            0.5           -nan
             55            0.5    5.28158e-10
             56            0.5           -nan
             57            0.5    5.28158e-10
             58            0.5    5.28158e-10
             59            0.5           -nan
             60            0.5           -nan
             61            0.5           -nan
             62            0.5           -nan
             63            0.5           -nan
             64            0.5           -nan
             65            0.5           -nan
             66            0.5           -nan
             67            0.5           -nan
             68            0.5           -nan
             69            0.5           -nan
             70            0.5           -nan
             71            0.5           -nan
             72            0.5           -nan
             73            0.5           -nan
             74            0.5           -nan
             75            0.5           -nan
             76            0.5           -nan
             77            0.5           -nan
             78            0.5           -nan
             79            0.5           -nan
             80            0.5           -nan
