              1       0.470622       0.003676
              2       0.444521     0.00360239
              3       0.421491     0.00352552
              4       0.401291     0.00349977
              5       0.382654      0.0034049
              6       0.364704     0.00337047
              7       0.348452     0.00329033
              8       0.333376     0.00328234
              9       0.321175     0.00320114
             10       0.310391     0.00325781
             11       0.300022     0.00305545
             12       0.289594     0.00303409
             13       0.278924     0.00305645
             14       0.272382     0.00303595
             15       0.265211     0.00296229
             16       0.256805     0.00292358
             17       0.250904     0.00292424
             18       0.244477     0.00301547
             19       0.237804      0.0030436
             20       0.232076     0.00308754
             21       0.226551     0.00321129
             22       0.222164     0.00323438
             23       0.216374     0.00319354
             24       0.211325     0.00327584
             25       0.207802      0.0033181
             26       0.202829     0.00334208
             27       0.197251       0.003196
             28       0.194028      0.0032372
             29       0.193005     0.00340949
             30       0.191705     0.00356885
             31       0.189796     0.00337172
             32        0.18781     0.00328856
             33       0.186208     0.00306147
             34       0.184229     0.00313529
             35       0.183178     0.00335085
             36       0.184401     0.00382324
             37       0.183074     0.00362361
             38       0.182069     0.00346446
             39       0.183024     0.00374022
             40       0.182627     0.00396878
             41       0.181714     0.00361391
             42       0.180971     0.00316704
             43       0.180307     0.00313863
             44       0.182542     0.00328976
             45       0.184818     0.00361409
             46       0.186663       0.003223
             47       0.188493     0.00361699
             48       0.189184     0.00302173
             49       0.189701     0.00321181
             50       0.191534     0.00298843
             51       0.193044     0.00276553
             52       0.196201     0.00290613
             53       0.199311     0.00306058
             54       0.201905     0.00283162
             55       0.204602     0.00269241
             56       0.207986      0.0025773
             57       0.212674     0.00271003
             58       0.217375     0.00273372
             59       0.224026     0.00271036
             60       0.230421     0.00272714
             61        0.23506     0.00286914
             62       0.242165     0.00298128
             63       0.249161      0.0030203
             64       0.255543     0.00305003
             65       0.261922     0.00295879
             66       0.269181      0.0030237
             67       0.279444     0.00300821
             68       0.288349     0.00313069
             69        0.29801     0.00309202
             70       0.305854     0.00317586
             71       0.317367     0.00307537
             72        0.33243     0.00312359
             73       0.345584     0.00305319
             74       0.359249     0.00328524
             75       0.376361     0.00324689
             76       0.395353     0.00321857
             77        0.41636     0.00341024
             78       0.440238     0.00344433
             79       0.467206      0.0034985
             80       0.497656     0.00368383
