              1       0.470157    0.000383258     0.00081517
              2       0.443778    0.000524507     0.00118191
              3       0.419733    0.000651676      0.0015526
              4       0.399275    0.000719885     0.00180298
              5         0.3807    0.000797311     0.00209433
              6       0.364382    0.000843394     0.00231459
              7       0.349057    0.000868371     0.00248776
              8       0.335398    0.000883601     0.00263448
              9       0.322608    0.000976548     0.00302705
             10       0.311008     0.00100329     0.00322595
             11       0.299964     0.00102989     0.00343339
             12       0.289805      0.0010727     0.00370144
             13       0.280779     0.00108597     0.00386769
             14       0.271857     0.00114578     0.00421464
             15        0.26493     0.00117612     0.00443938
             16       0.257275     0.00121353     0.00471688
             17       0.249703     0.00120463     0.00482425
             18       0.243203     0.00122806     0.00504954
             19       0.236934     0.00123635     0.00521813
             20        0.23069     0.00127086     0.00550894
             21        0.22552     0.00127914     0.00567197
             22       0.220829     0.00130124     0.00589254
             23       0.216123     0.00131745     0.00609585
             24       0.211576     0.00133857     0.00632667
             25       0.208025     0.00133602      0.0064224
             26       0.204898     0.00133071     0.00649452
             27       0.201887       0.001305     0.00646398
             28       0.199281     0.00130439     0.00654546
             29       0.196559      0.0013299      0.0067659
             30       0.194589      0.0013653     0.00701634
             31       0.192408     0.00134089     0.00696897
             32       0.190272     0.00138155     0.00726093
             33        0.18771     0.00138379     0.00737196
             34       0.186096     0.00137801     0.00740485
             35       0.184307     0.00141225     0.00766246
             36        0.18369     0.00144874     0.00788687
             37       0.183363     0.00144366     0.00787325
             38       0.182961     0.00142326     0.00777903
             39       0.182865     0.00145529     0.00795829
             40       0.182757     0.00147986     0.00809742
             41        0.18333      0.0015208     0.00829542
             42       0.183966     0.00150593     0.00818591
             43       0.185118      0.0014876     0.00803598
             44       0.185548     0.00149439      0.0080539
             45        0.18651     0.00150302     0.00805864
             46        0.18746     0.00151657     0.00809009
             47       0.189295     0.00151436     0.00799999
             48        0.19089     0.00148982     0.00780459
             49       0.192921     0.00148834     0.00771476
             50       0.195475     0.00148463     0.00759498
             51       0.197624     0.00148737     0.00752625
             52       0.200814     0.00149837     0.00746149
             53       0.204014     0.00149672     0.00733635
             54       0.206926     0.00147779     0.00714164
             55       0.210427      0.0014694     0.00698294
             56       0.214795     0.00140613      0.0065464
             57       0.218599     0.00138699     0.00634493
             58       0.223914      0.0013671     0.00610548
             59       0.228641     0.00133144      0.0058233
             60       0.233152     0.00133603     0.00573028
             61       0.239107      0.0012832     0.00536665
             62       0.244152     0.00122681     0.00502478
             63       0.250865     0.00116035     0.00462542
             64       0.258412     0.00117932     0.00456372
             65       0.266733     0.00118099     0.00442762
             66       0.275354     0.00117514     0.00426773
             67       0.283939     0.00115541     0.00406924
             68       0.293337     0.00111471     0.00380008
             69       0.303456     0.00110641     0.00364603
             70       0.313282     0.00104174     0.00332524
             71       0.324969     0.00101903     0.00313576
             72       0.338166     0.00097019     0.00286898
             73       0.352098    0.000885237     0.00251418
             74       0.366728    0.000832883     0.00227112
             75       0.383037    0.000761218     0.00198732
             76        0.40118    0.000696908     0.00173715
             77       0.421536    0.000658582     0.00156234
             78       0.444292    0.000516713       0.001163
             79       0.470352    0.000364328    0.000774586
             80            0.5    0.000200000           -nan
