              0        9.41184     0.00285018
              1        9.34255      0.0020976
              2        9.26572     0.00230467
              3        9.23073     0.00140864
              4        9.17688     0.00124019
              5        9.13026     0.00137991
              6        9.09389    0.000864114
              7        9.05421    0.000927695
              8        9.01531    0.000566447
              9        8.97886    0.000716009
             10        8.95058     0.00032966
             11        8.92913    0.000284938
             12        8.90146     0.00029909
             13         8.8876    0.000183029
             14        8.86069    0.000172121
             15        8.85189    0.000389302
             16        8.83843    0.000223178
             17        8.82159    0.000140139
             18        8.80903     0.00011408
             19        8.80164    0.000102852
             20        8.79275    0.000126933
             21        8.78468    0.000194201
             22         8.7778    5.29522e-05
             23        8.77387    5.64845e-05
             24        8.76641    0.000106981
             25        8.76263    0.000101319
             26        8.75681    2.75223e-05
             27        8.75064    6.07301e-05
             28        8.74618    6.22836e-05
             29        8.74382    4.43813e-05
             30        8.74036    2.66141e-05
             31        8.73593    3.64657e-05
             32         8.7334    1.96903e-05
             33        8.72961    3.11438e-05
             34        8.72765    1.33691e-05
             35         8.7261    2.29991e-05
             36          8.725    1.37272e-05
             37        8.72332    1.74572e-05
             38         8.7216    1.00441e-05
             39        8.72135    6.98165e-06
             40        8.72005    7.50865e-06
             41        8.71967    7.58642e-06
             42        8.71947    6.09595e-06
             43        8.71893    9.03677e-06
             44        8.71839    3.20417e-06
             45         8.7181    2.17952e-06
             46        8.71803    2.25937e-06
             47        8.71781    2.89154e-06
             48        8.71776     2.3228e-06
             49        8.71773    1.38663e-06
             50        8.71768    1.71294e-06
             51        8.71762    1.88178e-06
             52        8.71761    2.11136e-06
             53        8.71759    2.37253e-06
             54         8.7175    1.13559e-06
             55        8.71748    2.03608e-06
             56        8.71746    1.93814e-06
             57        8.71741    9.99673e-07
             58         8.7174    8.00737e-07
             59        8.71739    7.90714e-07
             60        8.71739    8.16623e-07
             61        8.71738    6.61625e-07
             62        8.71737    4.79981e-07
             63        8.71736    4.36142e-07
             64        8.71735    6.78426e-07
             65        8.71735    7.61286e-07
             66        8.71734    7.55562e-07
             67        8.71733    5.06679e-07
             68        8.71733    3.94148e-07
             69        8.71733    3.11336e-07
             70        8.71733    2.86229e-07
             71        8.71732    2.76874e-07
             72        8.71732     2.1158e-07
             73        8.71732     1.9164e-07
             74        8.71732    1.59965e-07
             75        8.71732    1.37346e-07
             76        8.71732    1.22297e-07
             77        8.71732    1.03791e-07
             78        8.71731    9.53297e-08
             79        8.71731    9.76964e-08
